<?xml version="1.0"?>
<opencv_storage>
<input>http://192.168.0.152/axis-cgi/mjpg/video.cgi?.mjpg</input>
<calibration_Time>Thursday_May_30_2013_10:15:27</calibration_Time>
<nrOfFrames>20</nrOfFrames>
<image_Width>480</image_Width>
<image_Height>360</image_Height>
<board_Width>9</board_Width>
<board_Height>6</board_Height>
<square_Size>25.</square_Size>
<flagValue>0</flagValue>
<Camera_Matrix type_id="opencv-matrix">
  <rows>3</rows>
  <cols>3</cols>
  <dt>d</dt>
  <data>
    4.4655161876804152e+02 0. 2.3013961617191100e+02 0.
    4.5010040372538509e+02 1.6523401898850835e+02 0. 0. 1.</data></Camera_Matrix>
<Distortion_Coefficients type_id="opencv-matrix">
  <rows>5</rows>
  <cols>1</cols>
  <dt>d</dt>
  <data>
    -3.3938620257016727e-01 2.3144665443467768e-01
    4.1941338798348231e-03 3.7285816636200854e-03
    -1.4998488024169868e-01</data></Distortion_Coefficients>
<Avg_Reprojection_Error>4.6313783233078820e-01</Avg_Reprojection_Error>
<Per_View_Reprojection_Errors type_id="opencv-matrix">
  <rows>20</rows>
  <cols>1</cols>
  <dt>f</dt>
  <data>
    3.94042462e-01 2.49082834e-01 4.14925933e-01 4.99078810e-01
    2.90423453e-01 1.86957657e-01 4.20766532e-01 3.37651700e-01
    4.01828855e-01 3.84256035e-01 3.11055779e-01 3.94660383e-01
    4.50236917e-01 4.36039031e-01 3.54838401e-01 1.06734765e+00
    8.32361162e-01 3.72754097e-01 3.34859848e-01 2.78402567e-01</data></Per_View_Reprojection_Errors>
<!-- a set of 6-tuples (rotation vector + translation vector) for each view -->
<Extrinsic_Parameters type_id="opencv-matrix">
  <rows>20</rows>
  <cols>6</cols>
  <dt>d</dt>
  <data>
    -1.2037721355351916e-01 5.0183518887008338e-02
    -1.3583137035299210e-02 -9.5167347458165210e+01
    -6.1005552383328229e+01 2.7782224754273113e+02
    -2.2111089668078152e-01 -4.4200346512304661e-01
    2.4109174283638521e-01 -1.4081130813251889e+02
    -8.1744192698285872e+01 4.5399785936202039e+02
    -2.6741769435762835e-01 9.1347361120261997e-02
    -8.9421661876955894e-01 3.6479159029225528e+01
    -8.9485414191555908e+00 4.8886769597364685e+02
    1.9306858839182336e-01 3.1415446111307099e-01 3.9782782098261082e-01
    4.4884937315022256e+01 -7.1584358237104695e+00
    4.8783492289696716e+02 -1.9121836834267139e-01
    -4.0918805411135982e-02 -6.7567713150132758e-01
    -1.1562624850979694e+02 1.4416414621362401e+02
    7.3128668039997706e+02 -1.5595667744305325e-01
    -4.0543536927721774e-01 -2.9477350395533070e-01
    -3.1988671290849061e+02 1.1132797056142481e+02
    6.3657966860562533e+02 -5.2952148226513973e-01
    -1.2367954053504543e-01 2.3544283035355701e-01
    -2.1190256553789095e+02 -8.5227118120816939e+01
    5.7366062407307595e+02 -1.2662475698858239e-01
    -1.2287591422693510e-01 3.0541426828883911e-01
    -2.1082358768723120e+02 -1.6991756427429445e+02
    5.1525126970792223e+02 -1.3406771907855827e-01
    1.6163936302052939e-01 -1.0557641909659896e+00
    8.0682304140723282e+00 -1.7358748115761677e+00
    6.3275228246948859e+02 -5.6602604302730608e-01
    -3.3160061976231781e-01 -1.3981495111740000e-01
    -2.1435617725657281e+01 3.8659585062789063e+01
    5.1051335474428555e+02 -2.0740472698302154e-01
    1.6401060039961432e-02 -1.1828114224023649e+00
    -1.2276207527112922e+01 -3.6647104754856741e-01
    6.6374643479668862e+02 -3.4001205982457505e-01
    -5.0327209393799333e-01 -3.5456405045151330e-02
    -2.3239814112176586e+02 -2.4511838009552623e+01
    6.7090500665097545e+02 -6.4372660622256650e-01
    -5.6605926934932427e-01 2.1080263935256344e-01
    -2.6015120006495783e+02 9.2381098530406206e+01
    6.2600645726760945e+02 -6.7133756717247972e-01
    -3.4661765591682620e-01 -9.9304098048542500e-01
    -5.3920384031213269e+00 1.2642294639909211e+02
    4.6512037998604700e+02 1.7749841957754592e-01 6.0559384729471999e-01
    -1.1120968650196983e+00 5.2356719365004359e+01
    -7.8923979893847704e+00 6.1621568747896708e+02
    5.4948788243919167e-01 4.7324029883788565e-01
    -5.9422621573993517e-01 -7.3760209450643501e+01
    -1.3513566968804020e+02 7.4926881941046918e+02
    2.0993837186263217e-01 -5.0812112436191703e-01
    5.3231052671446433e-01 -1.3519375362911572e+02
    -2.0335133937412596e+02 6.6845315647711061e+02
    -4.4142255532352742e-01 -4.8896375178116674e-01
    6.0716094251363495e-01 -2.0042625775426995e+02
    -6.6689729468835509e+01 6.7989148121678068e+02
    -5.7403158496386808e-01 -3.3130983285556226e-01
    -7.4247153996179294e-01 -8.7922680937337176e+01
    8.5628175567518952e+01 6.0480988053652015e+02 1.7467463956420126e-01
    4.4940430674649667e-01 -8.1851183463279764e-01
    -5.4273751950596136e+01 3.8566779810015812e+00
    6.9739103077500158e+02</data></Extrinsic_Parameters>
