<?xml version="1.0"?>
<opencv_storage>
<input>http://192.168.0.151/axis-cgi/mjpg/video.cgi?.mjpg</input>
<calibration_Time>Friday_May_24_2013_10:42:55</calibration_Time>
<nrOfFrames>16</nrOfFrames>
<image_Width>800</image_Width>
<image_Height>600</image_Height>
<board_Width>10</board_Width>
<board_Height>6</board_Height>
<square_Size>25.</square_Size>
<flagValue>0</flagValue>
<Camera_Matrix type_id="opencv-matrix">
  <rows>3</rows>
  <cols>3</cols>
  <dt>d</dt>
  <data>
    6.9267436556069777e+02 0. 4.2396716838121978e+02 0.
    6.9197725833829850e+02 2.9981581496848275e+02 0. 0. 1.</data></Camera_Matrix>
<Distortion_Coefficients type_id="opencv-matrix">
  <rows>5</rows>
  <cols>1</cols>
  <dt>d</dt>
  <data>
    -3.1324814299236275e-01 1.2361984351839653e-01
    3.7867338675038123e-04 -4.1496859025710289e-04
    -2.4558410650402939e-02</data></Distortion_Coefficients>
<Avg_Reprojection_Error>2.1489609552253630e-01</Avg_Reprojection_Error>
<Per_View_Reprojection_Errors type_id="opencv-matrix">
  <rows>16</rows>
  <cols>1</cols>
  <dt>f</dt>
  <data>
    1.78995520e-01 2.50161767e-01 1.94024488e-01 2.27859691e-01
    2.12299243e-01 2.28577688e-01 1.68549955e-01 2.09978402e-01
    2.46206403e-01 1.25719041e-01 1.47260293e-01 1.26122490e-01
    1.80032983e-01 2.94769794e-01 3.07203501e-01 2.39144892e-01</data></Per_View_Reprojection_Errors>
<!-- a set of 6-tuples (rotation vector + translation vector) for each view -->
<Extrinsic_Parameters type_id="opencv-matrix">
  <rows>16</rows>
  <cols>6</cols>
  <dt>d</dt>
  <data>
    -8.0764926016208813e-02 -7.6328957328405764e-02
    -1.1614903721506417e-01 -1.4272502752988950e+02
    -4.1481976090052250e+01 3.3486477411992911e+02
    -2.3176474379045003e-02 5.8403293806423573e-01
    -1.0644697472879289e-01 -9.9021550451138509e+01
    -3.9001510744168492e+01 3.8581101016120181e+02
    -2.8215356331975738e-01 -6.8153901474686918e-01
    -9.7983424633793892e-02 -1.4945857926351880e+02
    -3.9536185730939224e+01 3.0033379279726500e+02
    -6.7751794922783870e-01 -3.8621586242772160e-01
    -9.1448303969105721e-02 -1.2857320440332740e+02
    1.5174744090337681e+01 3.6419947708313515e+02 6.7404959108793772e-01
    -2.8566246034423315e-02 -1.1262861334880397e-01
    -1.2114286066994080e+02 -9.5031032888688159e+01
    3.4638657147496571e+02 4.4107570062595874e-01 4.7723428227497700e-01
    -7.7151654790378910e-01 -6.4254312387432464e+01
    -1.2071451920810998e+00 4.4944693636884085e+02
    -3.6954359132699788e-02 6.4362449768733287e-01
    6.2437070675033424e-01 -1.4401569790134833e+01
    -8.4173758613808474e+01 4.3624651630422784e+02
    -6.3474839613325479e-02 -7.4416221248844361e-01
    -7.7867076094866694e-01 -1.9208469722961334e+02
    5.0406469627748372e+01 3.1785288403560907e+02
    -9.5639638705298638e-02 -9.0944627044062720e-01
    8.5482266583354383e-01 -7.9128509061612718e+01
    -1.3392611161867541e+02 3.0537884629969818e+02
    -2.6974630756022100e-01 -3.1340167851236717e-01
    -6.2489635957705410e-02 -3.2965876762266441e+02
    -2.1936433490862831e+02 5.5908052249671937e+02
    -1.0052117501490282e-01 -1.0140678278234343e-01
    3.4092022265917519e-03 4.4769062147172420e+01
    -2.0049212046972514e+02 4.9860444972234188e+02
    -1.7904999634326951e-01 -1.2875730124553786e-01
    7.4122189283776826e-02 4.3641031784246849e+01 4.4145461491408795e+01
    4.6410740303846319e+02 -1.8073312115640450e-01
    -3.9546649316951565e-01 1.9407456060219468e-02
    -2.7976458812575299e+02 5.9906479328244018e+01
    4.5591244195217593e+02 -6.7589030602954547e-01
    -6.0131758106802480e-01 1.4668591248564546e+00
    -1.2529761396923038e+02 -1.1664700958621748e+02
    4.3366758868211627e+02 4.5085694897873396e-02 1.1433369145166529e-01
    1.5590028604584512e+00 1.0685885737423883e+01
    -1.2107744754758954e+02 3.7407745637555075e+02
    5.9547597850445178e-01 6.0165963898445984e-01 1.3888395866593819e+00
    1.2693964606667052e+02 -1.1180273836338502e+02
    3.2411070759143632e+02</data></Extrinsic_Parameters>
