<?xml version="1.0"?>
<opencv_storage>
<input>http://192.168.0.152/axis-cgi/mjpg/video.cgi?.mjpg</input>
<calibration_Time>Monday_May_27_2013_15:32:48</calibration_Time>
<nrOfFrames>16</nrOfFrames>
<image_Width>480</image_Width>
<image_Height>360</image_Height>
<board_Width>8</board_Width>
<board_Height>5</board_Height>
<square_Size>25.</square_Size>
<flagValue>0</flagValue>
<Camera_Matrix type_id="opencv-matrix">
  <rows>3</rows>
  <cols>3</cols>
  <dt>d</dt>
  <data>
    4.2380653728545445e+02 0. 2.2933967134598342e+02 0.
    4.2850250286148446e+02 1.8689477859549572e+02 0. 0. 1.</data></Camera_Matrix>
<Distortion_Coefficients type_id="opencv-matrix">
  <rows>5</rows>
  <cols>1</cols>
  <dt>d</dt>
  <data>
    -3.4028706020596478e-01 2.7066133312969898e-01
    -1.0948504775467743e-03 -6.1157307140063651e-04
    -1.8951185423141700e-01</data></Distortion_Coefficients>
<Avg_Reprojection_Error>3.1941405383458954e-01</Avg_Reprojection_Error>
<Per_View_Reprojection_Errors type_id="opencv-matrix">
  <rows>16</rows>
  <cols>1</cols>
  <dt>f</dt>
  <data>
    2.28466049e-01 3.02302927e-01 4.08864826e-01 4.36820924e-01
    3.66864860e-01 1.51279017e-01 4.40532446e-01 6.84059083e-01
    1.25355572e-01 1.59595028e-01 2.52324224e-01 2.88072556e-01
    1.76086903e-01 2.33355820e-01 1.42803490e-01 1.32911876e-01</data></Per_View_Reprojection_Errors>
<!-- a set of 6-tuples (rotation vector + translation vector) for each view -->
<Extrinsic_Parameters type_id="opencv-matrix">
  <rows>16</rows>
  <cols>6</cols>
  <dt>d</dt>
  <data>
    1.5063478662266200e-01 1.4562397612843850e-01 3.0813424607605744e+00
    1.0523013629131479e+02 4.8580379721469335e+01 2.3499423930681957e+02
    -1.2532095553940465e+00 -6.2552783382732180e-02
    -2.8510785572586959e+00 1.0732317209487918e+02
    5.7866131707293036e+01 2.1834424501402594e+02
    -1.9120198669149269e-01 -8.2880720495591953e-01
    -5.9598694804602358e-02 -7.9220948596095596e+01
    -4.5059855864826211e+01 1.9849277280893168e+02
    -2.3630551308197044e-02 1.0428021377293710e+00
    2.9275364108559336e+00 1.0910706047693311e+02 4.6291375887027264e+01
    2.1751519245235428e+02 -7.3728947874968517e-02
    -8.6843351822139547e-01 2.9862775541060795e+00
    1.1428240801144035e+02 3.6708105695315922e+01 2.8463948441013071e+02
    1.2822848720608343e-01 9.5795344887157394e-02 3.0194557917704388e+00
    8.5251315116696006e+01 2.2154030785851145e+01 4.6499932157489587e+02
    1.0817645736178524e-01 4.8593818834771990e-01 1.6838661706209654e+00
    2.2373543811885270e+02 -9.3214495553467572e+01
    4.3641910962262807e+02 1.3875886305716367e-01
    -3.2354686917749498e-01 -1.6262464688146117e+00
    -1.3624165177314831e+02 8.9921262982263116e+01
    3.5803054715640019e+02 3.1762823816104852e-01
    -2.3366032351418647e-01 -2.3797066524298950e-02
    -9.5215591886881612e+01 -2.0267035561476791e+02
    5.1117810398358472e+02 -5.2192681715635048e-01
    -1.9360565448095865e-01 6.5792544545632450e-02
    -9.7632694105565562e+01 3.9822531961984403e+01
    5.1329443187216123e+02 6.3992181860576514e-01 2.6841350648068724e-01
    -3.4158600680894702e-01 -2.2898999756811708e+01
    -8.0297536604540625e+01 4.2826092308584862e+02
    5.1136446445549200e-01 -4.8643055791553078e-02
    6.6631058719978908e-01 -1.0400539117794558e+02
    -1.0094367145527301e+02 3.0719972413644524e+02
    -4.6462980551131322e-01 -8.7599933391823315e-02
    1.7692864364010716e-01 4.8170853960692227e+01
    -3.1541605582121321e+00 4.8264087929024942e+02
    -1.6700167214410616e-01 -2.0583880426429838e-01
    -7.0819164463309242e-03 -2.4046230532063112e+02
    3.1435057203931088e+01 4.6634242953511358e+02 3.3504816472462917e-01
    1.4194654339054194e-01 3.0820284460276817e+00 7.1387826749880645e+01
    4.2880083245509567e+01 4.1321375859492724e+02 2.1884905439304372e-01
    -1.3604936501669335e-01 -3.0265266006455880e+00
    5.9995916394864835e+01 3.2238718264222300e+01 5.0802636900636026e+02</data></Extrinsic_Parameters>
<Image_points type_id="opencv-matrix">
  <rows>16</rows>
  <cols>40</cols>
  <dt>"2f"</dt>
  <data>
    4.05565399e+02 2.69451935e+02 3.65915894e+02 2.72918396e+02
    3.24402252e+02 2.76088959e+02 2.82259369e+02 2.78604095e+02
    2.39517136e+02 2.80633545e+02 1.97433701e+02 2.82021912e+02
    1.56814346e+02 2.82662994e+02 1.18180916e+02 2.82835785e+02
    4.03630737e+02 2.27316452e+02 3.64118378e+02 2.30351486e+02
    3.22413391e+02 2.33190063e+02 2.80062439e+02 2.35653122e+02
    2.37404907e+02 2.37973862e+02 1.95362076e+02 2.39667969e+02
    1.54673141e+02 2.41220886e+02 1.16259903e+02 2.42323059e+02
    4.00865967e+02 1.84858139e+02 3.61316864e+02 1.87331787e+02
    3.19723877e+02 1.89845825e+02 2.77574738e+02 1.92380844e+02
    2.35179642e+02 1.94778458e+02 1.93481461e+02 1.97155334e+02
    1.53122665e+02 1.99266388e+02 1.14647324e+02 2.01224365e+02
    3.96863281e+02 1.43307220e+02 3.57586884e+02 1.45295502e+02
    3.16608307e+02 1.47488708e+02 2.74896362e+02 1.49819489e+02
    2.33040070e+02 1.52614944e+02 1.91697525e+02 1.55313080e+02
    1.51983932e+02 1.58075592e+02 1.14125435e+02 1.61033936e+02
    3.92186127e+02 1.02878693e+02 3.53430420e+02 1.04442261e+02
    3.13130981e+02 1.06489647e+02 2.72018433e+02 1.08809914e+02
    2.30792892e+02 1.11606216e+02 1.90438858e+02 1.14708023e+02
    1.51368866e+02 1.18156822e+02 1.14015991e+02 1.21742989e+02
    4.19024353e+02 2.90645233e+02 3.81242035e+02 2.84906036e+02
    3.46371735e+02 2.79405579e+02 3.14834442e+02 2.74041046e+02
    2.86033539e+02 2.68994568e+02 2.60126312e+02 2.64291931e+02
    2.36602295e+02 2.59752228e+02 2.15513077e+02 2.55743301e+02
    4.22516846e+02 2.46496231e+02 3.84474243e+02 2.43049759e+02
    3.49105316e+02 2.39591599e+02 3.16950775e+02 2.36503357e+02
    2.87942810e+02 2.33465698e+02 2.61712585e+02 2.30615997e+02
    2.38165527e+02 2.27859833e+02 2.16959702e+02 2.25461548e+02
    4.24865753e+02 2.01138229e+02 3.86401123e+02 2.00006805e+02
    3.50900177e+02 1.98949280e+02 3.18647522e+02 1.97958420e+02
    2.89504730e+02 1.97248383e+02 2.63288361e+02 1.96318253e+02
    2.39472382e+02 1.95444153e+02 2.18333435e+02 1.94643173e+02
    4.25579132e+02 1.55852402e+02 3.87417053e+02 1.57266037e+02
    3.51824890e+02 1.58563950e+02 3.19691467e+02 1.59774780e+02
    2.90638885e+02 1.61226685e+02 2.64442474e+02 1.62364838e+02
    2.40820175e+02 1.63238571e+02 2.19508133e+02 1.64306015e+02
    4.24878693e+02 1.11561600e+02 3.87151550e+02 1.15209610e+02
    3.52303925e+02 1.18671318e+02 3.20400574e+02 1.22313385e+02
    2.91502289e+02 1.25521896e+02 2.65466919e+02 1.28478836e+02
    2.42116638e+02 1.31387360e+02 2.20703308e+02 1.33900482e+02
    7.09232941e+01 9.49301529e+01 1.12338692e+02 1.02021927e+02
    1.48988571e+02 1.08620964e+02 1.82006409e+02 1.14603638e+02
    2.11197037e+02 1.20198608e+02 2.36839279e+02 1.24933838e+02
    2.59612091e+02 1.29405365e+02 2.79897247e+02 1.33408859e+02
    7.22409058e+01 1.43503922e+02 1.14756393e+02 1.47601089e+02
    1.52601517e+02 1.51459579e+02 1.86149475e+02 1.54779221e+02
    2.15498611e+02 1.57860794e+02 2.41494034e+02 1.60445480e+02
    2.64368195e+02 1.62741714e+02 2.84615601e+02 1.64795547e+02
    7.50874786e+01 1.95163925e+02 1.18515327e+02 1.95722839e+02
    1.56976395e+02 1.96261780e+02 1.90648270e+02 1.96651550e+02
    2.20280258e+02 1.96920166e+02 2.46255112e+02 1.97141571e+02
    2.68985016e+02 1.97181992e+02 2.89331482e+02 1.97242310e+02
    7.98813248e+01 2.49050507e+02 1.23591873e+02 2.45862396e+02
    1.62186157e+02 2.42860779e+02 1.95847870e+02 2.39913589e+02
    2.25464890e+02 2.37253418e+02 2.51344925e+02 2.34560883e+02
    2.73794067e+02 2.32360825e+02 2.93781555e+02 2.30035553e+02
    8.66460724e+01 3.02844666e+02 1.30083466e+02 2.95835388e+02
    1.68198013e+02 2.89252289e+02 2.01590897e+02 2.83064392e+02
    2.30664474e+02 2.77378998e+02 2.56318481e+02 2.72066620e+02
    2.78670746e+02 2.67384125e+02 2.98369507e+02 2.62994263e+02
    4.24519684e+02 2.70216644e+02 3.84445251e+02 2.74220123e+02
