<?xml version="1.0"?>
<opencv_storage>
<input>http://192.168.0.152/axis-cgi/mjpg/video.cgi?.mjpg</input>
<calibration_Time>Wednesday_May_29_2013_14:29:32</calibration_Time>
<nrOfFrames>20</nrOfFrames>
<image_Width>1280</image_Width>
<image_Height>720</image_Height>
<board_Width>9</board_Width>
<board_Height>6</board_Height>
<square_Size>25.</square_Size>
<flagValue>0</flagValue>
<Camera_Matrix type_id="opencv-matrix">
  <rows>3</rows>
  <cols>3</cols>
  <dt>d</dt>
  <data>
    9.9655741899750240e+02 0. 4.7102151999033379e+02 0.
    1.0036227142077939e+03 3.0366654478092175e+02 0. 0. 1.</data></Camera_Matrix>
<Distortion_Coefficients type_id="opencv-matrix">
  <rows>5</rows>
  <cols>1</cols>
  <dt>d</dt>
  <data>
    -3.3507290128974482e-01 1.7651292705327620e-01
    1.2768741431310119e-03 3.5719120079053747e-03
    -6.7390217558346385e-02</data></Distortion_Coefficients>
<Avg_Reprojection_Error>9.5078520196818794e-01</Avg_Reprojection_Error>
<Per_View_Reprojection_Errors type_id="opencv-matrix">
  <rows>20</rows>
  <cols>1</cols>
  <dt>f</dt>
  <data>
    7.95266747e-01 7.08676577e-01 5.10950446e-01 8.25903893e-01
    1.07648909e+00 8.03225458e-01 7.90043414e-01 6.72371328e-01
    6.59979165e-01 8.41720104e-01 9.18831050e-01 1.72876894e+00
    6.70612037e-01 1.36178958e+00 9.83089447e-01 7.33569801e-01
    1.06607020e+00 1.02461827e+00 9.65887070e-01 1.10304761e+00</data></Per_View_Reprojection_Errors>
<!-- a set of 6-tuples (rotation vector + translation vector) for each view -->
<Extrinsic_Parameters type_id="opencv-matrix">
  <rows>20</rows>
  <cols>6</cols>
  <dt>d</dt>
  <data>
    -1.3392360127145717e-01 3.7118204004788741e-01
    2.8628147903490415e+00 1.8038032093874955e+02 4.7744330879540051e+01
    4.8571775122155378e+02 1.2804816710864602e+00 1.5400335559296516e-01
    2.4334516480692647e+00 2.6494815806015822e+02 5.1240259039588011e+01
    4.6014852422362628e+02 7.4735457212470258e-01
    -3.1937615244874723e-01 -3.0031757648719131e+00
    -4.4742883972652905e+01 3.7202703294324174e+01
    8.7505679902869156e+02 -7.2478543804397388e-01
    1.0072178799684859e+00 2.3269260149211068e+00 9.8419067476844120e+01
    2.0718995234249320e+02 8.0232129407265450e+02
    -2.8916249274616146e-01 1.2771813583712559e+00
    2.1867227690100006e+00 2.5310018272148210e+02 6.8155540848488712e+01
    4.7278637865717405e+02 -1.5469265018298064e+00
    -7.4002598910926781e-02 -2.4914415089578523e+00
    2.1615242276316391e+02 1.2520008723635530e+02 2.9398688309027631e+02
    1.2186665120950735e+00 1.8317394353047207e-02 2.0020950681687237e+00
    3.6937483160040421e+02 -3.1789331828654377e+00
    4.4964436426234664e+02 5.2414068037914474e-01
    -4.4940249082542683e-01 2.5476486394054989e+00
    1.6887506828183660e+02 -3.9134359326335215e+01
    7.6353986598927202e+02 5.6026470048985355e-01
    -5.1344767474540165e-01 -2.9620311409125426e+00
    -1.5225245271311277e+02 -5.4142857608393520e+01
    8.5331217268303146e+02 1.6276203268321079e-01 6.5985231287271351e-01
    2.8659058049219941e+00 1.8856991901106795e+01 9.7601285678214410e+01
    5.1493697179169169e+02 6.2059341409077562e-01 1.0649560179839981e+00
    2.7989913649785159e+00 1.5218806065558184e+02 1.0209449192783806e+02
    3.5120348579113823e+02 1.0181353920314511e+00
    -9.9144921774872674e-01 2.4793097846611385e+00
    1.3948042870714386e+02 2.9186552097866237e+01 4.8884544375116224e+02
    -4.4626717169663910e-01 3.0432608262790234e-01
    3.0849544739865076e+00 5.7076139290778144e+01 1.2059411743794720e+02
    5.9976310434168727e+02 1.8895420910491951e+00
    -4.6219297096401535e-01 2.2391824102437612e+00
    2.5115663659467222e+02 7.7153517807757140e+01 4.1550881711260098e+02
    1.6862336633067912e-01 1.2636454235775341e+00 2.6568454342901648e+00
    1.8936218561711067e+02 6.3042651272978823e+01 4.3660184503566160e+02
    -8.9676663859573486e-02 -3.3179743480168156e-01
    2.8182034354119962e+00 1.4779275498262112e+02 1.4468649318652820e+02
    9.1024398873489088e+02 -1.3181118672366006e+00
    5.9743344377412277e-01 -2.5783606968279935e+00
    2.8486419396330626e+02 1.8732770256582793e+02 4.3760055491033779e+02
    -6.3902931663122464e-01 5.1095359353423120e-01
    1.6860508712988533e+00 1.1709383299243456e+02
    -6.0327550181506426e+00 7.7239767503888800e+02
    4.4094633864248162e-01 1.0864403569533101e+00 1.9212013372563355e+00
    2.5754076424824189e+02 -4.0177208144143229e+01
    3.8675019246848598e+02 -7.9267092907748393e-01
    -2.7955412550379322e-01 2.0138733584089832e+00
    -2.8319483770249314e+00 -5.0060052796349737e+01
    8.7507949080782942e+02</data></Extrinsic_Parameters>
