<?xml version="1.0"?>
<opencv_storage>
<input>http://192.168.0.151/axis-cgi/mjpg/video.cgi?.mjpg</input>
<calibration_Time>Thursday_May_30_2013_14:46:36</calibration_Time>
<nrOfFrames>12</nrOfFrames>
<image_Width>480</image_Width>
<image_Height>360</image_Height>
<board_Width>9</board_Width>
<board_Height>6</board_Height>
<square_Size>25.</square_Size>
<flagValue>0</flagValue>
<Camera_Matrix type_id="opencv-matrix">
  <rows>3</rows>
  <cols>3</cols>
  <dt>d</dt>
  <data>
    4.4055910375512764e+02 0. 2.5301969381663710e+02 0.
    4.4702619786933769e+02 1.6762382674386723e+02 0. 0. 1.</data></Camera_Matrix>
<Distortion_Coefficients type_id="opencv-matrix">
  <rows>5</rows>
  <cols>1</cols>
  <dt>d</dt>
  <data>
    -3.3716315083413623e-01 1.9530958327152118e-01
    3.0937696355177991e-04 2.0667861363021976e-05
    -7.8615008535309283e-02</data></Distortion_Coefficients>
<Avg_Reprojection_Error>3.8126765898597670e-01</Avg_Reprojection_Error>
<Per_View_Reprojection_Errors type_id="opencv-matrix">
  <rows>12</rows>
  <cols>1</cols>
  <dt>f</dt>
  <data>
    2.79753983e-01 4.16492254e-01 3.18482310e-01 2.22287774e-01
    3.34322989e-01 4.41527545e-01 3.44587624e-01 3.86895448e-01
    3.43915939e-01 3.72351944e-01 4.18840319e-01 5.78196228e-01</data></Per_View_Reprojection_Errors>
<!-- a set of 6-tuples (rotation vector + translation vector) for each view -->
<Extrinsic_Parameters type_id="opencv-matrix">
  <rows>12</rows>
  <cols>6</cols>
  <dt>d</dt>
  <data>
    -1.5139297817701380e-01 8.2652900307210939e-03
    -1.2991630750438751e-01 -9.8895983227566589e+01
    -4.0765209157245920e+01 3.0967291810491832e+02
    -1.5043656782536771e-01 -4.7952931534242066e-01
    -7.8102850911864835e-02 -1.3806376784054132e+02
    -6.2517531450565158e+01 3.0694209765504024e+02
    -1.9839073057716280e-01 -4.7862038662884682e-01
    -7.8845602206201126e-02 -1.9261924170483559e+02
    -5.7862002148613769e+01 3.2123565205977798e+02
    -2.0068628638460312e-01 -2.4632184184444411e-01
    -9.9119169828389433e-02 -1.9722892695049796e+02
    1.8932452980401187e+01 3.1891583354406833e+02
    -1.0513612738564384e-02 3.0279306194433447e-01
    -1.0247976288923935e-01 -4.4476388593488998e+01
    1.8956061636085774e+01 3.4629594640399955e+02 5.8441392620548073e-02
    3.9758993261260889e-01 3.6128188940382062e-02
    -6.8589634365057066e+01 -9.7047851920417870e+01
    3.2784131935949318e+02 4.0143464200587392e-01 2.2198407543202575e-01
    -1.7737463875861223e-01 -9.9031329135169244e+01
    -1.0611784087247376e+02 4.7308124209386153e+02
    -4.2151412145135292e-01 9.8847525897534025e-02
    1.5980673790110184e-01 -1.1740866557390287e+02
    -5.7291068918482124e-01 4.9076089130728673e+02
    -2.4094413115536276e-01 -5.4240452468466716e-01
    -6.7659242818258414e-02 -1.8705868872667307e+02
    -6.3193189999605693e+01 4.1542021849605459e+02
    -3.2597466849110170e-02 6.7993493680686201e-01
    -7.4810934828939815e-02 1.5051514677637707e+01
    -6.1218201604656379e+01 5.7870327714970608e+02
    5.6897421111742286e-01 2.3301693897005432e-01
    -8.1978798096096395e-01 -8.3593893643734148e+01
    1.3358262946085405e+01 6.4763838820419130e+02 5.4752514567439936e-01
    -2.3627251968729673e-01 6.1703554540442995e-01
    -7.1423985554723401e+01 -7.3966669545420302e+01
    5.7102363365322185e+02</data></Extrinsic_Parameters>
<Image_points type_id="opencv-matrix">
  <rows>12</rows>
  <cols>54</cols>
  <dt>"2f"</dt>
  <data>
    1.17531250e+02 1.10520935e+02 1.50135162e+02 1.05512527e+02
    1.83821304e+02 1.00576767e+02 2.18293503e+02 9.56380615e+01
    2.53155380e+02 9.10396881e+01 2.87754333e+02 8.65996323e+01
    3.22118835e+02 8.25939865e+01 3.55531616e+02 7.87301788e+01
    3.87867889e+02 7.54094162e+01 1.19650719e+02 1.44344528e+02
    1.52832703e+02 1.39444717e+02 1.87282379e+02 1.34675461e+02
    2.22370865e+02 1.29817780e+02 2.57744568e+02 1.25202026e+02
    2.93199219e+02 1.20650116e+02 3.27927521e+02 1.16407890e+02
    3.61754852e+02 1.12333595e+02 3.94605682e+02 1.08447411e+02
    1.22388832e+02 1.79163284e+02 1.55925613e+02 1.74834976e+02
    1.91233017e+02 1.70291092e+02 2.26635254e+02 1.65606812e+02
    2.62728943e+02 1.60844681e+02 2.98504974e+02 1.56228806e+02
    3.33741943e+02 1.51533234e+02 3.68030518e+02 1.47045944e+02
    4.01156677e+02 1.42559814e+02 1.25372581e+02 2.14925262e+02
    1.59673233e+02 2.10780869e+02 1.95144424e+02 2.06511383e+02
    2.31319305e+02 2.01952637e+02 2.67744965e+02 1.97178299e+02
    3.03737640e+02 1.92461975e+02 3.39397247e+02 1.87493225e+02
    3.73905853e+02 1.82476532e+02 4.07287384e+02 1.77562927e+02
    1.29426193e+02 2.51085281e+02 1.63703293e+02 2.47443039e+02
    1.99512909e+02 2.43398010e+02 2.35755096e+02 2.39145126e+02
    2.72717651e+02 2.34333694e+02 3.09038269e+02 2.29235092e+02
    3.44853943e+02 2.23919754e+02 3.79465424e+02 2.18611038e+02
    4.12912445e+02 2.12958328e+02 1.33500580e+02 2.87208557e+02
    1.68343658e+02 2.84013306e+02 2.04103516e+02 2.80283020e+02
    2.40670822e+02 2.75911896e+02 2.77513580e+02 2.71000153e+02
    3.14095551e+02 2.65846832e+02 3.49782654e+02 2.60482452e+02
    3.84600769e+02 2.54554871e+02 4.18140961e+02 2.48479156e+02
    6.93924332e+01 8.23777542e+01 1.01249001e+02 8.27804108e+01
    1.32707718e+02 8.34754257e+01 1.63038620e+02 8.43153992e+01
    1.92402817e+02 8.52509232e+01 2.20388962e+02 8.64142532e+01
    2.47020523e+02 8.76635666e+01 2.72341614e+02 8.87844925e+01
    2.96190796e+02 8.99369659e+01 6.93995667e+01 1.14892509e+02
    1.01848633e+02 1.14749580e+02 1.33864685e+02 1.14717613e+02
    1.64645187e+02 1.14836807e+02 1.94394684e+02 1.14984604e+02
    2.22791641e+02 1.15408043e+02 2.49645981e+02 1.15766602e+02
    2.75294250e+02 1.16158615e+02 2.99279510e+02 1.16600380e+02
    7.02814331e+01 1.48922928e+02 1.03239876e+02 1.48052078e+02
    1.35634201e+02 1.47312515e+02 1.66684280e+02 1.46727386e+02
    1.96933075e+02 1.46047073e+02 2.25571136e+02 1.45429062e+02
    2.52809830e+02 1.44910950e+02 2.78446075e+02 1.44347565e+02
    3.02528625e+02 1.43803360e+02 7.18368225e+01 1.83743484e+02
    1.05379646e+02 1.82185669e+02 1.38044205e+02 1.80544739e+02
    1.69566406e+02 1.78877335e+02 1.99977127e+02 1.77421112e+02
    2.28737320e+02 1.75871109e+02 2.55956558e+02 1.74386749e+02
    2.81745209e+02 1.72888306e+02 3.05975983e+02 1.71458923e+02
    7.45846405e+01 2.19316666e+02 1.08269653e+02 2.16838608e+02
    1.41234375e+02 2.14444687e+02 1.72849533e+02 2.11988541e+02
    2.03351700e+02 2.09411575e+02 2.32180832e+02 2.06933563e+02
    2.59537292e+02 2.04443527e+02 2.85349915e+02 2.02005325e+02
    3.09498962e+02 1.99581512e+02 7.80571823e+01 2.55144577e+02
    1.11649391e+02 2.51857941e+02 1.44721558e+02 2.48612183e+02
    1.76602219e+02 2.45221313e+02 2.07200867e+02 2.41554840e+02
    2.36056351e+02 2.38112930e+02 2.63284698e+02 2.34583755e+02
    2.88948151e+02 2.31223587e+02 3.13183624e+02 2.27692810e+02
    1.76784039e+01 9.51456146e+01 4.65681076e+01 9.52593384e+01
    7.58408051e+01 9.55836182e+01 1.04420731e+02 9.60243912e+01
    1.32677628e+02 9.64946136e+01 1.60097153e+02 9.70453186e+01
    1.86788391e+02 9.78106918e+01 2.12486343e+02 9.85318146e+01
    2.37132187e+02 9.92651215e+01 1.64827633e+01 1.24870720e+02
    4.61805305e+01 1.24522026e+02 7.57079468e+01 1.24545067e+02
    1.05085800e+02 1.24398438e+02 1.33767242e+02 1.24517311e+02
    1.61817886e+02 1.24509483e+02 1.88713150e+02 1.24669128e+02
    2.14712097e+02 1.24707573e+02 2.39665482e+02 1.24909538e+02
    1.63062305e+01 1.55973190e+02 4.64280510e+01 1.55283646e+02
    7.66275558e+01 1.54784088e+02 1.06233459e+02 1.54209686e+02
    1.35519379e+02 1.53577316e+02 1.63761459e+02 1.53013870e+02
    1.91248306e+02 1.52441849e+02 2.17450607e+02 1.51936462e+02
    2.42768814e+02 1.51372177e+02 1.67560253e+01 1.87674866e+02
    4.73970413e+01 1.86717789e+02 7.78623581e+01 1.85709671e+02
    1.08174484e+02 1.84479279e+02 1.37652710e+02 1.83277527e+02
    1.66397675e+02 1.82022903e+02 1.93974762e+02 1.80719589e+02
