<?xml version="1.0"?>
<opencv_storage>
<input>http://192.168.0.151/axis-cgi/mjpg/video.cgi?.mjpg</input>
<calibration_Time>Thursday_May_30_2013_10:07:23</calibration_Time>
<nrOfFrames>20</nrOfFrames>
<image_Width>480</image_Width>
<image_Height>360</image_Height>
<board_Width>9</board_Width>
<board_Height>6</board_Height>
<square_Size>25.</square_Size>
<flagValue>0</flagValue>
<Camera_Matrix type_id="opencv-matrix">
  <rows>3</rows>
  <cols>3</cols>
  <dt>d</dt>
  <data>
    4.1641816692217532e+02 0. 2.4857320594088770e+02 0.
    4.1965665731879773e+02 1.5815994766560783e+02 0. 0. 1.</data></Camera_Matrix>
<Distortion_Coefficients type_id="opencv-matrix">
  <rows>5</rows>
  <cols>1</cols>
  <dt>d</dt>
  <data>
    -3.3696448048620642e-01 2.5375460219539486e-01
    -1.9772208139583547e-05 3.0061780434058258e-03
    -1.7130688752932619e-01</data></Distortion_Coefficients>
<Avg_Reprojection_Error>4.7761666489659765e-01</Avg_Reprojection_Error>
<Per_View_Reprojection_Errors type_id="opencv-matrix">
  <rows>20</rows>
  <cols>1</cols>
  <dt>f</dt>
  <data>
    5.48473835e-01 5.87286115e-01 3.89183640e-01 6.70855939e-01
    6.76220834e-01 6.02283955e-01 4.52071995e-01 2.93173432e-01
    2.16628566e-01 7.29841292e-01 3.76791924e-01 4.46747094e-01
    5.18345475e-01 2.48509273e-01 3.58035535e-01 4.15987253e-01
    3.06306481e-01 5.12725830e-01 3.49503636e-01 4.16033477e-01</data></Per_View_Reprojection_Errors>
<!-- a set of 6-tuples (rotation vector + translation vector) for each view -->
<Extrinsic_Parameters type_id="opencv-matrix">
  <rows>20</rows>
  <cols>6</cols>
  <dt>d</dt>
  <data>
    -1.5441762685319901e-01 -2.3358127731072650e-02
    -1.0204348479271402e-01 -1.0353295304962221e+02
    -4.7037461956585986e+01 2.3565728659746557e+02
    -2.8616866250841938e-01 1.2500093588654657e-01
    -1.2900533335762769e+00 -1.9804455658619510e+01
    8.2967486692496152e+01 3.6589135225874497e+02
    -2.7851681491539976e-01 -4.1336048773175271e-01
    7.9298858820417895e-01 -1.0187575399396613e+02
    -7.1849411996739690e+01 4.4698969572669620e+02
    5.6310732950137432e-01 -9.3791644790613959e-01
    -1.2389532869719113e+00 -1.6869415589264332e+02
    1.0345165948396168e+02 2.7800650139187991e+02
    -5.3625516786343175e-01 5.2547400499285279e-01
    -1.5528569559043717e+00 4.1645567648859576e+01
    1.2405377545403613e+02 3.7268915918092807e+02 1.0315265715670566e-01
    -4.6569708009104060e-01 -1.5735559702437452e-01
    -1.3574603139126671e+02 -6.8441632375788970e+01
    2.3488312634047759e+02 -4.4266224300020224e-01
    1.6534140588181204e-02 -8.2912468531381817e-02
    -1.2175323538963345e+02 -4.0017471520073142e+00
    3.5812322853661959e+02 -1.1671540792116702e-01
    2.6210031912978732e-01 2.7962525926577603e-01
    -6.5712053695821737e+01 -1.4729696956190597e+02
    6.6569709489162904e+02 -3.0761901492486449e-01
    -3.0840852498348326e-01 1.8962727570507790e-01
    -2.6314564262850962e+02 -9.6036250834064020e+01
    6.2913869821078742e+02 -5.8681656196909560e-01
    -5.1053618153185554e-01 3.1681294403544918e-01
    -3.1313053237963089e+02 1.0284036992366094e+02
    6.3447084092120292e+02 -7.9511427942915325e-01
    6.1750500492611909e-02 7.5904997289742093e-02
    -8.0971439378326991e+01 1.1285951680002439e+02
    5.9361686756983386e+02 -5.9710373267124195e-01
    -4.0024917897195483e-01 -1.9344067895299200e+00
    6.9665616858941888e+01 1.9894512220405116e+02 4.4494247662732761e+02
    -2.1391154261525119e-01 7.0475408524544458e-01
    -4.3434049409453024e-01 -1.3389150225786970e+00
    -5.6814004662231405e+01 6.0729872720812784e+02
    -2.3481461127940353e-01 -3.9359867852160207e-01
    2.6632372870469978e-01 -2.9432983027652261e+02
    -1.9731237948258919e+02 5.8932954687907591e+02
    -5.2546274323780606e-01 -4.4350032980938497e-01
    -2.1805866508737368e-01 -2.1522369495225885e+02
    -2.5580986614333241e+01 5.5426381034706537e+02
    -5.1023542677896783e-01 -1.3165158554109763e-01
    -7.5572708714886216e-01 -1.2294708992134508e+02
    2.7671305766598731e+01 4.6760020814196326e+02
    -1.2564543326058200e-01 -3.7082104119536163e-02
    7.3436395372324215e-01 -1.9852563132522181e+02
    -4.7616613523859250e+01 6.4692959196243658e+02
    -1.7256995419562340e-02 5.2083024734033323e-01
    -1.0501216271360581e+00 -4.6248145488280681e+00
    5.8354525016486747e+01 5.5168500104736700e+02
    -2.8327064554954273e-01 -3.3218539291549459e-01
    -3.2927962404717592e-01 -2.1244489620940078e+02
    -4.2213523402995634e+01 6.1757828039190986e+02
    -7.5739963659287834e-01 -3.9821649629426248e-01
    -8.4992744554290116e-03 -2.1138381674890184e+02
    2.7770600925363208e+01 5.4609261766377517e+02</data></Extrinsic_Parameters>
