<?xml version="1.0"?>
<opencv_storage>
<input>http://192.168.0.151/axis-cgi/mjpg/video.cgi?.mjpg</input>
<calibration_Time>Tuesday_May_21_2013_16:17:09</calibration_Time>
<nrOfFrames>25</nrOfFrames>
<image_Width>800</image_Width>
<image_Height>600</image_Height>
<board_Width>10</board_Width>
<board_Height>6</board_Height>
<square_Size>25.</square_Size>
<flagValue>0</flagValue>
<Camera_Matrix type_id="opencv-matrix">
  <rows>3</rows>
  <cols>3</cols>
  <dt>d</dt>
  <data>
    6.8848300627095307e+02 0. 4.1433224227025829e+02 0.
    6.8793384346167795e+02 3.0358119723939967e+02 0. 0. 1.</data></Camera_Matrix>
<Distortion_Coefficients type_id="opencv-matrix">
  <rows>5</rows>
  <cols>1</cols>
  <dt>d</dt>
  <data>
    -3.1998576500892256e-01 1.7851336729221676e-01
    -2.1798901766733113e-03 1.3059042308834882e-03
    -7.2013583323973479e-02</data></Distortion_Coefficients>
<Avg_Reprojection_Error>8.7812073545308045e-01</Avg_Reprojection_Error>
<Per_View_Reprojection_Errors type_id="opencv-matrix">
  <rows>25</rows>
  <cols>1</cols>
  <dt>f</dt>
  <data>
    3.36925119e-01 1.95261955e+00 6.70019031e-01 4.81281698e-01
    4.61394042e-01 5.66539943e-01 3.17606419e-01 4.16123718e-01
    3.06411266e-01 3.09449613e-01 7.53425360e-01 3.12392473e-01
    2.43410394e-01 4.02902067e-01 3.18770677e-01 6.33642554e-01
    1.03851879e+00 3.97946775e-01 4.73470300e-01 2.77884454e-01
    1.87541768e-01 5.94013929e-01 3.33545625e-01 3.19100165e+00
    2.51174480e-01</data></Per_View_Reprojection_Errors>
<!-- a set of 6-tuples (rotation vector + translation vector) for each view -->
<Extrinsic_Parameters type_id="opencv-matrix">
  <rows>25</rows>
  <cols>6</cols>
  <dt>d</dt>
  <data>
    4.6350686340687466e-02 3.1938915194453597e-02 1.4585030063438729e+00
    1.1878118076311439e+02 -1.3315645113026514e+02
    3.6975441747745913e+02 -2.1570120384484168e-01
    2.5372098824231198e-01 1.9733740814625886e-01
    -2.6349518257250857e+01 -7.4742967982810541e+01
    3.7860544402269619e+02 -9.1241488845814997e-02
    3.8682535434945919e-01 1.4655617392165504e-01
    -7.5564430880445087e+01 -1.3544964606878565e+02
    3.7779783374350592e+02 -9.9052418515321969e-02
    3.5557884396177486e-01 1.9450288372842370e-01
    -7.3705419376228775e+01 -1.2149205301569532e+02
    3.6308994405755897e+02 2.7683890224525243e-01 3.0282308493321897e-01
    6.7307477475419564e-01 -1.0826655569477101e+01
    -1.1331074220761110e+02 3.8065534899104927e+02
    -1.8674031314155590e-01 -3.0079584540457439e-02
    8.3974121656194867e-01 4.7359812234880621e+01
    -1.0463323877501081e+02 4.6191282460810532e+02
    1.3452570245081999e-01 -7.4923081750638210e-01
    1.2758519301854407e-01 -1.3217550567516344e+02
    -9.2068361128246238e+01 3.9732512687822782e+02
    3.0986069073787662e-03 -8.7562321778817187e-01
    1.2844815260930598e-01 -2.0144489474100163e+02
    -8.6920602446363148e+01 4.1236067602926721e+02
    -4.7676102810236309e-01 -8.1839320854492148e-01
    5.0512732450048003e-01 -1.3511870500413502e+02
    -1.1354999003229973e+02 4.4592798232721691e+02
    -5.1839939120246710e-02 -8.4541436691450134e-01
    -4.0878960786413193e-01 -2.0896028040631003e+02
    3.3097552974757278e+01 4.7618338358526137e+02
    -1.2576442348442399e-01 7.3354996861239126e-03
    2.4567118290336989e-01 -1.2366772741963865e+02
    -1.5795246671100233e+02 4.4703416714821151e+02
    2.8724492246570081e-02 1.3522018555133780e-01 5.3777033454976475e-01
    -4.2652212334753067e+01 -1.9556764159539125e+02
    4.6336198495509268e+02 1.8431411450088961e-01 3.2500298720610735e-02
    7.8227823420411058e-01 -1.3896603335454031e+02
    -1.6238546086001500e+02 4.6428629593293067e+02
    -1.0451342311272796e-01 7.0916269295947443e-01
    8.2133048005053966e-01 -2.3570420982479348e+01
    -1.5160256620823085e+02 5.1879455994127750e+02
    3.1592928582639290e-01 -5.8174508323997631e-01
    2.4093846276387371e-01 -1.5612908762624198e+02
    -1.3910394961559430e+02 4.2526799113382623e+02
    3.4947394281621018e-02 -1.5664038683550141e-01
    3.0959488935771357e-01 -1.0649325338612900e+02
    -1.4651355349020031e+02 3.8293378344567788e+02
    3.1992813494737780e-02 -4.5066327458290131e-02
    4.9514587894844858e-01 -5.4254675815619883e+01
    -1.4187158383485669e+02 4.0585883374305718e+02
    1.0162737455136519e+00 -5.9220417277621416e-02
    1.4904813818239129e-01 -7.9661079618286010e+01
    -1.1108536011030965e+02 3.3606013411624002e+02
    -7.3269373758983425e-01 -3.5953942884652218e-01
    -1.8735364118734857e-01 -1.6139975155047193e+02
    -1.6878611881190640e+01 3.8643301625841781e+02
    1.9924823656652327e-01 6.7888572586390539e-01 6.1207132064199733e-02
    -7.9752847085969170e-01 -8.5393666157352953e+01
    4.6676542119796852e+02 1.9049677528131498e-01 1.1722699439172739e+00
    9.9386549348136025e-02 5.3497309674891085e+01
    -9.0046078519568596e+01 5.1250247241735769e+02
    -8.6041429624187007e-03 5.6059210036687768e-01
    1.1286258464157364e-01 -1.3895095582611268e+02
    -1.0113984128715792e+02 4.4546001237111670e+02
    8.6571274948936353e-03 3.3696193159945848e-01 7.1703929485827503e-02
    -1.7504443444226300e+02 -9.5285695704352037e+01
    3.9421133066881771e+02 6.3455757374882613e-02
    -8.5361098302304361e-01 -9.9303980138752385e-02
    1.3920134234825843e+01 -9.1816775163856420e+01
    5.4466138440562054e+02 -2.3514556947790632e-01
    -1.0330852234574647e-01 2.5298359800682441e-01
    -5.2604917197337301e+01 -1.0721874672289385e+02
    4.0878030925544653e+02</data></Extrinsic_Parameters>
