<?xml version="1.0"?>
<opencv_storage>
<input>http://192.168.0.151/axis-cgi/mjpg/video.cgi?.mjpg</input>
<calibration_Time>Friday_May_31_2013_11:10:01</calibration_Time>
<nrOfFrames>20</nrOfFrames>
<image_Width>480</image_Width>
<image_Height>360</image_Height>
<board_Width>9</board_Width>
<board_Height>6</board_Height>
<square_Size>25.</square_Size>
<flagValue>0</flagValue>
<Camera_Matrix type_id="opencv-matrix">
  <rows>3</rows>
  <cols>3</cols>
  <dt>d</dt>
  <data>
    4.4909025561848074e+02 0. 2.3879407207529709e+02 0.
    4.5238045420279678e+02 1.5818503148532173e+02 0. 0. 1.</data></Camera_Matrix>
<Distortion_Coefficients type_id="opencv-matrix">
  <rows>5</rows>
  <cols>1</cols>
  <dt>d</dt>
  <data>
    -3.8664709170397810e-01 5.4469062344884078e-01
    4.2233228204551403e-03 -1.2514708747561514e-03
    -6.8320132022277880e-01</data></Distortion_Coefficients>
<Avg_Reprojection_Error>4.0340527442098045e-01</Avg_Reprojection_Error>
<Per_View_Reprojection_Errors type_id="opencv-matrix">
  <rows>20</rows>
  <cols>1</cols>
  <dt>f</dt>
  <data>
    3.41046870e-01 5.18929660e-01 6.77488625e-01 2.72908837e-01
    4.56107885e-01 3.35812956e-01 3.63884300e-01 3.41696322e-01
    3.60217780e-01 3.48108977e-01 2.36149177e-01 3.28885615e-01
    4.47590142e-01 2.43243560e-01 3.38383377e-01 4.39155400e-01
    5.46753824e-01 3.16467494e-01 2.87917465e-01 5.49500227e-01</data></Per_View_Reprojection_Errors>
<!-- a set of 6-tuples (rotation vector + translation vector) for each view -->
<Extrinsic_Parameters type_id="opencv-matrix">
  <rows>20</rows>
  <cols>6</cols>
  <dt>d</dt>
  <data>
    1.4109254278784247e-01 -2.8381804453649773e-01
    -2.7518582230513453e+00 1.3945388025455210e+02
    1.2006628809481080e+02 3.3899028478002776e+02 3.1604566858848349e-01
    1.5446281439111842e-01 -2.1618910722162008e+00
    -4.2537599718155349e+01 1.3019709721324361e+02
    4.2682525743449304e+02 6.4583115878026287e-01
    -7.2086964247394125e-01 -2.4212127580221456e+00
    1.5045043142128968e+01 2.2105584971348998e+02 6.3312731748596082e+02
    -2.1797388099023587e-01 4.1506908474527732e-01
    2.5681718746004178e+00 1.4669796549600038e+01 9.3533036589661123e+01
    5.7348492140556709e+02 7.2717884944184452e-01
    -9.1361045359975068e-01 2.7953937456031142e+00
    2.2701938613958296e+02 -3.2854189357750435e+01
    5.5006353919767469e+02 4.2825292969138640e-01 1.1115148690492858e-01
    -2.5059884632647464e+00 -9.4896865577379629e+01
    2.1088278203998772e+01 7.2211807088720343e+02
    -6.4720810609171550e-02 -9.5190276497753656e-01
    -2.7191279174818566e+00 6.0934983203229081e+01
    1.8996558068682293e+02 5.2248786720119051e+02
    -4.5807463115263508e-03 6.8818371657057564e-01
    2.7308492554766519e+00 2.2008252230189763e+02 1.2931876292958083e+02
    5.1863357506761213e+02 -6.9568841155064565e-01
    -4.8802485775517851e-01 -2.9991248018063041e+00
    1.2012497927116726e+02 6.1940304836530338e+01 3.9235664087377972e+02
    -8.2527774437481355e-02 -1.7179711718799301e-01
    -2.3636130489474327e+00 -1.2693210792963792e+02
    9.4791388133282695e+01 4.6109485248046900e+02 2.5268646130626549e-01
    -5.5951427625002520e-02 -2.2976348620887337e+00
    -6.0276445045002397e+01 2.4293270063899081e+02
    5.8192540015121983e+02 3.0437715621598888e-01
    -3.7506043546826201e-01 2.4918860803833298e+00
    2.0288837040662852e+02 -6.1260830317247866e+01
    5.2781987965595999e+02 -2.6099211694422703e-01
    8.1145557319441386e-01 -2.7696232358918724e+00
    7.1644141744171961e+01 -2.9091377965843797e+01
    6.5309173492676564e+02 1.2818988826706504e-01
    -3.5862524613709806e-01 -2.3921663862005418e+00
    -4.8682251135677266e+00 2.4091330100871602e+02
    6.2372947602854595e+02 -1.4318669638878589e-01
    -7.1126912520450514e-01 -2.4687737583394296e+00
    3.1293111636169307e+01 1.4922668364210614e+02 5.3273459553199859e+02
    9.5610595984913549e-01 -4.6951642680344791e-01
    2.9424246226882000e+00 1.4283168539382334e+02 2.3536428447752535e+01
    4.3642964308498875e+02 2.6294225016312106e-01 1.3287775302142316e-01
    -2.6256659615312543e+00 1.4781659036206673e+02
    1.2543160834773313e+02 7.4817458899281780e+02
    -1.1330135220360202e-01 -1.9926575383153747e-01
    -1.8927188559281551e+00 -2.6762693217202525e+02
    8.4395020695884085e+01 5.9709750928888275e+02 6.6909197105601654e-03
    -5.4282536520237068e-01 -1.7722834445267650e+00
    -2.4618674315536569e+02 2.3642609503787301e+02
    5.5499542877652823e+02 -7.9540919097421581e-01
    -3.4291666634758206e-01 -2.8150900482623227e+00
    3.2895757297910784e+01 8.6822457349698841e+00 3.8931649850113820e+02</data></Extrinsic_Parameters>
