<?xml version="1.0"?>
<opencv_storage>
<input>http://192.168.0.152/axis-cgi/mjpg/video.cgi?.mjpg</input>
<calibration_Time>Friday_May_31_2013_10:08:45</calibration_Time>
<nrOfFrames>6</nrOfFrames>
<image_Width>480</image_Width>
<image_Height>360</image_Height>
<board_Width>8</board_Width>
<board_Height>6</board_Height>
<square_Size>150.</square_Size>
<flagValue>0</flagValue>
<Camera_Matrix type_id="opencv-matrix">
  <rows>3</rows>
  <cols>3</cols>
  <dt>d</dt>
  <data>
    4.2432113449194981e+02 0. 2.3619506497683804e+02 0.
    4.2508748824294696e+02 1.8194957377415921e+02 0. 0. 1.</data></Camera_Matrix>
<Distortion_Coefficients type_id="opencv-matrix">
  <rows>5</rows>
  <cols>1</cols>
  <dt>d</dt>
  <data>
    -3.1629847186525872e-01 1.2029253161908741e-01
    5.1478652473332563e-04 -1.4074715608979730e-03
    -4.2312719294502112e-03</data></Distortion_Coefficients>
<Avg_Reprojection_Error>1.8140654214703741e-01</Avg_Reprojection_Error>
<Per_View_Reprojection_Errors type_id="opencv-matrix">
  <rows>6</rows>
  <cols>1</cols>
  <dt>f</dt>
  <data>
    2.36230329e-01 1.87742501e-01 1.61987200e-01 1.63931176e-01
    1.25282660e-01 1.93878710e-01</data></Per_View_Reprojection_Errors>
<!-- a set of 6-tuples (rotation vector + translation vector) for each view -->
<Extrinsic_Parameters type_id="opencv-matrix">
  <rows>6</rows>
  <cols>6</cols>
  <dt>d</dt>
  <data>
    1.4458165507469653e-01 -2.0953722625325400e-02
    1.5970412090380881e-01 -2.7473739405794976e+02
    -3.2255980920774988e+02 1.2561845754197911e+03
    -6.7730676741976428e-02 -1.3019476213228109e-01
    2.3776793157466846e-02 -3.4825894143078017e+02
    -1.9516124920002358e+02 1.3594479604570695e+03
    -7.6089836086418561e-02 -5.2648540372458204e-02
    -1.5497851249341548e+00 -3.6376616537236538e+02
    5.6815518674043767e+02 1.7789397936358123e+03
    -5.8212731548077568e-01 -3.2220338023793949e-01
    1.5059712416175628e+00 -2.4402124660135260e+02
    -4.6196999907126633e+02 1.9933549689218792e+03
    2.0263174290734270e-01 2.7717738865572084e-01 1.5833346036616593e+00
    1.0231324549857933e+03 -4.5262389425503335e+02
    1.6940578893119612e+03 -2.7039772875653972e-01
    9.3557399325426657e-02 -1.5340708750568426e+00
    8.1319839502501438e+01 6.2290780924640990e+02 3.3031063953250368e+03</data></Extrinsic_Parameters>
<Image_points type_id="opencv-matrix">
  <rows>6</rows>
  <cols>48</cols>
  <dt>"2f"</dt>
  <data>
    1.47111923e+02 7.67903671e+01 1.94514984e+02 8.33427277e+01
    2.43176376e+02 9.08731461e+01 2.91422882e+02 9.92144623e+01
    3.38410461e+02 1.08066437e+02 3.82748077e+02 1.17132126e+02
    4.24079163e+02 1.26353416e+02 4.61740387e+02 1.35307007e+02
    1.39479355e+02 1.24641754e+02 1.86819290e+02 1.31724640e+02
    2.35297195e+02 1.39358719e+02 2.83514160e+02 1.47349747e+02
    3.30322876e+02 1.55488602e+02 3.74743439e+02 1.63591675e+02
    4.15931000e+02 1.71399002e+02 4.53684845e+02 1.78751434e+02
    1.32862030e+02 1.72452576e+02 1.79635788e+02 1.79981262e+02
    2.27564026e+02 1.87521500e+02 2.75281281e+02 1.95142944e+02
    3.21665649e+02 2.02454224e+02 3.65627625e+02 2.09314987e+02
    4.06645691e+02 2.15760498e+02 4.44235107e+02 2.21662872e+02
    1.27191284e+02 2.18870239e+02 1.73241592e+02 2.26577072e+02
    2.20095627e+02 2.34182526e+02 2.66969299e+02 2.41280670e+02
    3.12500397e+02 2.47706924e+02 3.55879456e+02 2.53509293e+02
    3.96379242e+02 2.58607361e+02 4.33633148e+02 2.63085144e+02
    1.22654205e+02 2.62959625e+02 1.67422974e+02 2.70704346e+02
    2.13140457e+02 2.78147064e+02 2.58639832e+02 2.84698090e+02
    3.03229797e+02 2.90503967e+02 3.45633118e+02 2.95193512e+02
    3.85513489e+02 2.99057526e+02 4.22328583e+02 3.02225769e+02
    1.19190468e+02 3.04030670e+02 1.62505310e+02 3.11761780e+02
    2.06680084e+02 3.18789551e+02 2.50767303e+02 3.25035980e+02
    2.93876923e+02 3.29860260e+02 3.35309509e+02 3.33789490e+02
    3.74217957e+02 3.36557434e+02 4.10342377e+02 3.38538055e+02
    1.30500153e+02 1.22734383e+02 1.75442795e+02 1.24075287e+02
    2.20635422e+02 1.25635094e+02 2.65083282e+02 1.27687721e+02
    3.07723389e+02 1.30144684e+02 3.48025299e+02 1.32622803e+02
    3.85443054e+02 1.35356613e+02 4.19616119e+02 1.38112152e+02
    1.27900902e+02 1.67902191e+02 1.73746490e+02 1.69253738e+02
    2.19594589e+02 1.70579025e+02 2.64675262e+02 1.72114197e+02
    3.07958527e+02 1.73513199e+02 3.48582886e+02 1.75055695e+02
    3.86325195e+02 1.76482895e+02 4.20758423e+02 1.77695374e+02
    1.26456573e+02 2.14016052e+02 1.72491684e+02 2.15496689e+02
    2.18734436e+02 2.16511383e+02 2.64177582e+02 2.17364655e+02
    3.07519623e+02 2.17767242e+02 3.48419952e+02 2.18054443e+02
    3.86322205e+02 2.18233688e+02 4.20692596e+02 2.18117203e+02
    1.25585121e+02 2.60385223e+02 1.71693924e+02 2.61626801e+02
    2.17888367e+02 2.62434570e+02 2.63283783e+02 2.62500061e+02
    3.06548035e+02 2.62092926e+02 3.47388977e+02 2.61114929e+02
    3.85192719e+02 2.59694763e+02 4.19632507e+02 2.58236694e+02
    1.25620354e+02 3.05705383e+02 1.71408585e+02 3.06995056e+02
    2.17324951e+02 3.07356476e+02 2.62188232e+02 3.06623688e+02
    3.05215271e+02 3.05371643e+02 3.45561340e+02 3.03161743e+02
    3.83218506e+02 3.00504730e+02 4.17410736e+02 2.97490051e+02
    1.26507637e+02 3.49062103e+02 1.71584671e+02 3.50215942e+02
    2.16577316e+02 3.50154419e+02 2.60732300e+02 3.48806854e+02
    3.03102142e+02 3.46624359e+02 3.42975861e+02 3.43440399e+02
    3.80053101e+02 3.39648499e+02 4.14213837e+02 3.35451172e+02
    1.53221329e+02 3.11658295e+02 1.53360977e+02 2.78397888e+02
    1.53668900e+02 2.44317429e+02 1.54536682e+02 2.09617599e+02
    1.55506332e+02 1.75205612e+02 1.57023590e+02 1.41146606e+02
    1.58611832e+02 1.07937622e+02 1.60534927e+02 7.60986328e+01
    1.86806778e+02 3.13675659e+02 1.87321106e+02 2.80051147e+02
    1.87799301e+02 2.45507065e+02 1.88564331e+02 2.10534012e+02
    1.89596741e+02 1.75658585e+02 1.90624802e+02 1.41391525e+02
    1.92022705e+02 1.08013420e+02 1.93322632e+02 7.57938385e+01
    2.21306976e+02 3.15215332e+02 2.21995911e+02 2.81299408e+02
    2.22625839e+02 2.46473846e+02 2.23494751e+02 2.11426117e+02
    2.24301132e+02 1.76372009e+02 2.25153732e+02 1.41799774e+02
    2.25772018e+02 1.08367836e+02 2.26626328e+02 7.61313171e+01
    2.56009216e+02 3.15989777e+02 2.56949402e+02 2.82002655e+02
    2.57800110e+02 2.47301224e+02 2.58493347e+02 2.12120773e+02
    2.59271027e+02 1.77051498e+02 2.59524628e+02 1.42495544e+02
    2.59952972e+02 1.09110176e+02 2.60219177e+02 7.67212601e+01
    2.90546112e+02 3.16249329e+02 2.91732086e+02 2.82375610e+02
    2.92627533e+02 2.47543854e+02 2.93462738e+02 2.12577423e+02
    2.93717926e+02 1.77634445e+02 2.93936615e+02 1.43463486e+02
    2.93700043e+02 1.10053757e+02 2.93443726e+02 7.80012283e+01
    3.24538605e+02 3.15821991e+02 3.26055145e+02 2.82245605e+02
    3.27002258e+02 2.47708145e+02 3.27515594e+02 2.13051575e+02
    3.27674835e+02 1.78485428e+02 3.27502258e+02 1.44404556e+02
    3.26859253e+02 1.11396790e+02 3.26047974e+02 7.95293961e+01
    1.85238342e+02 8.55946960e+01 1.85957794e+02 1.15172409e+02
    1.87077026e+02 1.45983231e+02 1.88365616e+02 1.77943375e+02
    1.89797699e+02 2.10825699e+02 1.91616440e+02 2.44297821e+02
    1.93534637e+02 2.77634064e+02 1.95815262e+02 3.10712585e+02
    1.56486893e+02 8.12033844e+01 1.56540268e+02 1.11564232e+02
    1.57112823e+02 1.43527466e+02 1.57754211e+02 1.76616165e+02
    1.59128464e+02 2.10735397e+02 1.60497528e+02 2.45431564e+02
    1.62502365e+02 2.80214478e+02 1.64676605e+02 3.14471680e+02
    1.26068130e+02 7.66759720e+01 1.25453674e+02 1.08108063e+02
    1.25231293e+02 1.41037125e+02 1.25520714e+02 1.75366608e+02
    1.26266953e+02 2.10606720e+02 1.27650757e+02 2.46473694e+02
    1.29386063e+02 2.82441010e+02 1.31728958e+02 3.17884674e+02
    9.43010941e+01 7.24821167e+01 9.26641922e+01 1.04620018e+02
    9.17684937e+01 1.38522690e+02 9.14063263e+01 1.73800797e+02
    9.17719193e+01 2.10359024e+02 9.27798691e+01 2.47354584e+02
