<?xml version="1.0"?>
<opencv_storage>
<input>http://192.168.0.152/axis-cgi/mjpg/video.cgi?.mjpg</input>
<calibration_Time>Tuesday_May_21_2013_14:05:52</calibration_Time>
<nrOfFrames>13</nrOfFrames>
<image_Width>800</image_Width>
<image_Height>600</image_Height>
<board_Width>10</board_Width>
<board_Height>6</board_Height>
<square_Size>25.</square_Size>
<flagValue>0</flagValue>
<Camera_Matrix type_id="opencv-matrix">
  <rows>3</rows>
  <cols>3</cols>
  <dt>d</dt>
  <data>
    6.9422636911599034e+02 0. 3.6723051970723668e+02 0.
    6.9444122496586613e+02 3.1810324046848876e+02 0. 0. 1.</data></Camera_Matrix>
<Distortion_Coefficients type_id="opencv-matrix">
  <rows>5</rows>
  <cols>1</cols>
  <dt>d</dt>
  <data>
    -3.1537859259266887e-01 1.0473350737673628e-01
    1.0706006201624048e-03 1.5096813424971640e-03 1.3827775366087779e-02</data></Distortion_Coefficients>
<Avg_Reprojection_Error>5.6394070475609837e-01</Avg_Reprojection_Error>
<Per_View_Reprojection_Errors type_id="opencv-matrix">
  <rows>13</rows>
  <cols>1</cols>
  <dt>f</dt>
  <data>
    5.34885705e-01 1.19031560e+00 3.28123719e-01 4.63669598e-01
    2.83794314e-01 6.06542408e-01 4.55452979e-01 4.88986075e-01
    3.74684393e-01 9.38618779e-01 3.36305588e-01 2.25090578e-01
    1.69208243e-01</data></Per_View_Reprojection_Errors>
<!-- a set of 6-tuples (rotation vector + translation vector) for each view -->
<Extrinsic_Parameters type_id="opencv-matrix">
  <rows>13</rows>
  <cols>6</cols>
  <dt>d</dt>
  <data>
    -8.4318732854715223e-02 1.4014708024833000e-01
    -5.2169356916502152e-03 -9.9988877641851261e+01
    -1.0322666523344924e+02 3.5256455764479659e+02
    -1.9124059709965373e-02 2.0770938779295051e-01
    2.2412911364355113e-02 -8.8930917482443490e+01
    -1.0474994051429921e+02 3.4762135341253406e+02
    -1.2170144966523136e-01 -3.0588049716703070e-01
    -1.1769839489330414e-02 -1.5762120649057707e+02
    -9.2417348493752314e+01 3.3024066141938334e+02
    -2.0528180157571407e-01 -3.4432407034004303e-01
    3.3481832777960921e-02 -1.4265501740900959e+02
    -7.8585858893467602e+01 3.5399813334061770e+02
    -3.8294770439517889e-01 -3.7407575643082297e-01
    1.5399776557789829e-01 -1.1434953973425623e+02
    -3.0385065633947868e+01 3.8163526072174290e+02
    -5.8722633006339653e-01 -4.8968404992637452e-02
    1.6733515370489765e-02 -1.0648479483179733e+02
    -2.9616597210362720e+01 3.6006413909876812e+02
    -5.7332529642510410e-01 -3.0541280482762528e-02
    7.6524155956969458e-02 -7.7478503674309479e+01
    -2.6657836898698150e+01 3.4170064932720533e+02
    6.6412003168155020e-01 2.8797957126755985e-01 9.6653807850252793e-02
    -5.5837901119525597e+01 -1.3739356665659474e+02
    2.9031483505146082e+02 6.0164356137086361e-01 2.5530044673037822e-01
    1.2999798921652733e-01 -5.3034285386807049e+01
    -1.2278323974987043e+02 3.0523963635166888e+02
    3.0803019068622001e-01 -4.9849234572339966e-02
    6.1590311467563115e-02 -8.4549046099714033e+01
    -1.1238766528188336e+02 3.6941768541021031e+02
    2.5003965272635703e-01 -3.0950856732431492e-01
    -3.2481107524050930e-02 -1.4865993784143009e+02
    -1.3139556016864145e+02 3.9419066310241868e+02
    2.2931398422699517e-01 -4.4262836357020358e-01
    -1.9027794530048568e-02 -1.7025202562312828e+02
    -1.3462341255264428e+02 4.0500609462261895e+02
    2.5904808702005883e-01 -4.6826290489237116e-01
    -1.0259121090095301e-02 -1.7223077230343981e+02
    -1.3495772770794753e+02 4.0352260350669690e+02</data></Extrinsic_Parameters>
<Image_points type_id="opencv-matrix">
  <rows>13</rows>
  <cols>60</cols>
  <dt>"2f"</dt>
  <data>
    1.80288712e+02 1.25077888e+02 2.23838638e+02 1.20791672e+02
    2.69162689e+02 1.16863632e+02 3.16566650e+02 1.13439079e+02
    3.65489563e+02 1.10575928e+02 4.15301819e+02 1.08368454e+02
    4.65679535e+02 1.07091515e+02 5.16151672e+02 1.06161278e+02
    5.66002014e+02 1.06360069e+02 6.14781616e+02 1.06794998e+02
    1.77270203e+02 1.69595779e+02 2.21219147e+02 1.65961655e+02
    2.67357452e+02 1.62653885e+02 3.15328156e+02 1.59677841e+02
    3.65088959e+02 1.57230240e+02 4.15760406e+02 1.55491974e+02
    4.67297333e+02 1.54088623e+02 5.18395935e+02 1.53427094e+02
    5.69267395e+02 1.53215317e+02 6.18855713e+02 1.53808487e+02
    1.74549911e+02 2.15526443e+02 2.18820602e+02 2.12810638e+02
    2.65553040e+02 2.10355392e+02 3.14403809e+02 2.08048065e+02
    3.64761353e+02 2.06096115e+02 4.16366699e+02 2.04445038e+02
    4.68563934e+02 2.03406082e+02 5.20698364e+02 2.02572266e+02
    5.72109070e+02 2.02323242e+02 6.22395508e+02 2.02586456e+02
    1.72660248e+02 2.63148773e+02 2.17461212e+02 2.61210083e+02
    2.64437653e+02 2.59651154e+02 3.13648041e+02 2.57916412e+02
    3.64644745e+02 2.56436737e+02 4.16699799e+02 2.55431213e+02
    4.69579071e+02 2.54430893e+02 5.22415344e+02 2.53790466e+02
    5.74455627e+02 2.53228043e+02 6.25391479e+02 2.53044769e+02
    1.71432510e+02 3.11321747e+02 2.16307068e+02 3.10396820e+02
    2.63602112e+02 3.09632904e+02 3.13351654e+02 3.08909363e+02
    3.64589264e+02 3.07986725e+02 4.17340363e+02 3.07427643e+02
    4.70498718e+02 3.06704468e+02 5.23869690e+02 3.05983246e+02
    5.76308411e+02 3.05409760e+02 6.27473328e+02 3.04798035e+02
    1.70698273e+02 3.59960571e+02 2.15699310e+02 3.60207092e+02
    2.63423462e+02 3.60468781e+02 3.13304382e+02 3.60511780e+02
    3.64864014e+02 3.60389465e+02 4.17698212e+02 3.60140411e+02
    4.71319794e+02 3.59527832e+02 5.24573425e+02 3.59045685e+02
    5.77398193e+02 3.58163483e+02 6.28848145e+02 3.57196594e+02
    1.98142105e+02 1.18188301e+02 2.41827881e+02 1.14744019e+02
    2.87388245e+02 1.11269333e+02 3.35254944e+02 1.08680771e+02
    3.84660278e+02 1.06504753e+02 4.35192841e+02 1.05241470e+02
    4.87357422e+02 1.04392410e+02 5.39140747e+02 1.04705757e+02
    5.91458862e+02 1.05798828e+02 6.41763428e+02 1.07112846e+02
    1.95384476e+02 1.63918060e+02 2.39490097e+02 1.61397049e+02
    2.85391724e+02 1.58833679e+02 3.33985474e+02 1.57132660e+02
    3.83966949e+02 1.55186935e+02 4.35884460e+02 1.54571945e+02
    4.88636078e+02 1.54368134e+02 5.41496338e+02 1.54834915e+02
    5.93490967e+02 1.55551575e+02 6.45490234e+02 1.57468002e+02
    1.92762283e+02 2.10908325e+02 2.36553574e+02 2.09430130e+02
    2.83445465e+02 2.08105591e+02 3.32353790e+02 2.07165039e+02
    3.83383820e+02 2.06407822e+02 4.35705994e+02 2.06161285e+02
    4.89228821e+02 2.06231155e+02 5.42593811e+02 2.06872162e+02
    5.96202820e+02 2.08065231e+02 6.48352112e+02 2.09489197e+02
    1.90335480e+02 2.59172729e+02 2.34778000e+02 2.58740875e+02
    2.81508362e+02 2.58401215e+02 3.30991302e+02 2.58622467e+02
    3.82193268e+02 2.58536102e+02 4.35474792e+02 2.59192688e+02
    4.89298004e+02 2.59724854e+02 5.44030029e+02 2.61362244e+02
    5.97167053e+02 2.62095184e+02 6.49897583e+02 2.63109772e+02
    1.89071442e+02 3.08111908e+02 2.33353989e+02 3.08967377e+02
    2.80211975e+02 3.10042114e+02 3.29721008e+02 3.10988434e+02
    3.81469879e+02 3.12405151e+02 4.34483917e+02 3.13403625e+02
    4.88919312e+02 3.14783752e+02 5.43612610e+02 3.16063385e+02
    5.97935181e+02 3.17437317e+02 6.51338074e+02 3.18764740e+02
    1.87478912e+02 3.57062469e+02 2.31862427e+02 3.59504974e+02
    2.79106201e+02 3.61724854e+02 3.28662933e+02 3.64093506e+02
    3.80017090e+02 3.65938324e+02 4.33761841e+02 3.68394531e+02
    4.87945923e+02 3.69727905e+02 5.43019531e+02 3.71595703e+02
    5.97612183e+02 3.73214142e+02 6.51579041e+02 3.75059784e+02
    6.60898132e+01 1.40990768e+02 1.12204170e+02 1.41673920e+02
    1.58512314e+02 1.42739471e+02 2.05199341e+02 1.44536057e+02
    2.51394775e+02 1.46745148e+02 2.96946167e+02 1.49197906e+02
    3.41084686e+02 1.52407501e+02 3.83963837e+02 1.55785782e+02
    4.24865356e+02 1.59279572e+02 4.64233246e+02 1.63249466e+02
    6.16345749e+01 1.86273773e+02 1.08440628e+02 1.86797226e+02
    1.55876328e+02 1.87798920e+02 2.03294220e+02 1.89187653e+02
    2.50402466e+02 1.90798492e+02 2.96696533e+02 1.92780563e+02
