<?xml version="1.0"?>
<opencv_storage>
<input>http://192.168.0.152/axis-cgi/mjpg/video.cgi?.mjpg</input>
<calibration_Time>Friday_May_24_2013_10:45:37</calibration_Time>
<nrOfFrames>16</nrOfFrames>
<image_Width>800</image_Width>
<image_Height>600</image_Height>
<board_Width>10</board_Width>
<board_Height>6</board_Height>
<square_Size>25.</square_Size>
<flagValue>0</flagValue>
<Camera_Matrix type_id="opencv-matrix">
  <rows>3</rows>
  <cols>3</cols>
  <dt>d</dt>
  <data>
    6.9629740861088612e+02 0. 3.8804458427185284e+02 0.
    6.9406403535109769e+02 3.1416916094599850e+02 0. 0. 1.</data></Camera_Matrix>
<Distortion_Coefficients type_id="opencv-matrix">
  <rows>5</rows>
  <cols>1</cols>
  <dt>d</dt>
  <data>
    -3.2315706581516440e-01 1.5647221202241929e-01
    6.5031423616797551e-04 -1.7890082168231858e-04
    -5.0752623679800907e-02</data></Distortion_Coefficients>
<Avg_Reprojection_Error>2.9271638088324053e-01</Avg_Reprojection_Error>
<Per_View_Reprojection_Errors type_id="opencv-matrix">
  <rows>16</rows>
  <cols>1</cols>
  <dt>f</dt>
  <data>
    2.72687912e-01 1.83271646e-01 1.35104030e-01 1.74508706e-01
    1.73592299e-01 1.91869214e-01 3.23954433e-01 2.19296873e-01
    1.86853513e-01 2.03952536e-01 7.05525815e-01 2.77516931e-01
    1.61507487e-01 3.16244215e-01 3.09359103e-01 3.48131508e-01</data></Per_View_Reprojection_Errors>
<!-- a set of 6-tuples (rotation vector + translation vector) for each view -->
<Extrinsic_Parameters type_id="opencv-matrix">
  <rows>16</rows>
  <cols>6</cols>
  <dt>d</dt>
  <data>
    -7.3317410529622609e-02 -7.2219415875366649e-02
    1.1061888004287165e-02 -9.7256953450622476e+01
    -7.0733153808971082e+01 2.7071889391001065e+02
    -7.6437883212195828e-02 -1.5305679441154604e-01
    7.6417519288614110e-03 -1.3054032469971636e+02
    -8.1255491071095108e+01 5.2726615242465459e+02
    -1.6636807175854221e-01 -3.0983410877522016e-01
    -6.8336218095490814e-02 -2.5779280205043926e+02
    -2.0490324802899343e+02 4.8671527707549336e+02
    -4.4183357254930257e-02 2.8047472628700811e-02
    -7.8491331173066045e-02 3.4427345891723668e+01
    -1.8476776384971885e+02 4.4704035768953258e+02
    -1.0894617459351576e-01 -2.0410434608844563e-02
    2.2540825946093170e-02 2.5388369902936677e+01 1.4037325657120862e+01
    4.3687968426538282e+02 -1.2371803837154879e-01
    -2.4550336512467968e-01 1.2243776458783735e-02
    -2.4345735279510833e+02 3.0384445154812667e+01
    4.5481591812106035e+02 -1.1172073129384331e-01
    -9.0119917711953346e-01 -4.1741388258420130e-02
    -1.2318593689998266e+02 -7.4364233810137947e+01
    2.8776942676558389e+02 3.0151275552254650e-02 8.5234945445615529e-01
    1.2593930643291426e-03 -1.8086846129567967e+01
    -7.5640226928177356e+01 4.2603095861139570e+02
    7.9442195705949492e-01 -2.2178178067612259e-01
    5.4562454486792235e-02 -9.2498974438624074e+01
    -1.1199810501587019e+02 3.0992153875154480e+02
    -8.4051016763472186e-01 -2.2498289338475589e-02
    -2.1671009217670277e-03 -1.0547604126392945e+02
    2.2179393957928070e+01 4.1149299349297939e+02 7.2406651898125751e-01
    2.7342060777516541e-01 -6.1566215772550770e-01
    -1.0649659132889133e+02 -1.0319424486148498e+00
    3.3792775700889308e+02 5.9204338867478712e-01
    -4.8738859169513987e-01 5.8596536449627290e-01
    -8.4157579863255378e+01 -9.9789077712394118e+01
    2.2764230805477325e+02 -3.9391470868634976e-01
    -5.5573300414547122e-01 -8.1805382267561599e-01
    -1.4695391373833979e+02 2.7168668391389847e+01
    3.1538473865330485e+02 -9.8797591392927009e-01
    3.5120223196129147e-01 8.6693752595272877e-01
    -1.0683915795741545e+00 -6.2334186883803426e+01
    4.3116494406746909e+02 2.8595082323255483e-01 5.6472605556831579e-01
    1.6021619611775528e+00 1.1769921482535877e+02
    -1.1771297340139057e+02 3.1845093566047410e+02
    -6.9151927923089940e-01 -6.4761094576007172e-01
    1.3875166618976780e+00 -5.9936353708407857e+01
    -1.1404008629245091e+02 4.2247069639456771e+02</data></Extrinsic_Parameters>
