<?xml version="1.0"?>
<opencv_storage>
<input>http://192.168.0.151/axis-cgi/mjpg/video.cgi?.mjpg</input>
<calibration_Time>Monday_May_27_2013_15:29:32</calibration_Time>
<nrOfFrames>16</nrOfFrames>
<image_Width>480</image_Width>
<image_Height>360</image_Height>
<board_Width>8</board_Width>
<board_Height>5</board_Height>
<square_Size>25.</square_Size>
<flagValue>0</flagValue>
<Camera_Matrix type_id="opencv-matrix">
  <rows>3</rows>
  <cols>3</cols>
  <dt>d</dt>
  <data>
    4.1471858770923092e+02 0. 2.4844358780056646e+02 0.
    4.2188236375992250e+02 1.7956536937881253e+02 0. 0. 1.</data></Camera_Matrix>
<Distortion_Coefficients type_id="opencv-matrix">
  <rows>5</rows>
  <cols>1</cols>
  <dt>d</dt>
  <data>
    -3.3821274192972384e-01 1.9587783189467939e-01
    -1.1066869839127969e-03 1.4141313622631979e-03
    -6.8263609814280563e-02</data></Distortion_Coefficients>
<Avg_Reprojection_Error>1.9003157249105820e-01</Avg_Reprojection_Error>
<Per_View_Reprojection_Errors type_id="opencv-matrix">
  <rows>16</rows>
  <cols>1</cols>
  <dt>f</dt>
  <data>
    1.84321061e-01 1.76898986e-01 2.45589569e-01 3.12126279e-01
    2.87979305e-01 1.83264181e-01 1.65675178e-01 1.35724917e-01
    1.57218695e-01 1.68177024e-01 1.31361514e-01 1.16625376e-01
    1.37674361e-01 1.43083751e-01 1.91681281e-01 1.79923877e-01</data></Per_View_Reprojection_Errors>
<!-- a set of 6-tuples (rotation vector + translation vector) for each view -->
<Extrinsic_Parameters type_id="opencv-matrix">
  <rows>16</rows>
  <cols>6</cols>
  <dt>d</dt>
  <data>
    2.5157268361299157e-02 1.9170899274327172e-01 3.0332230905425930e+00
    1.2118422818558824e+02 2.6748266846426340e+01 3.8932674643165586e+02
    1.0308347711654966e+00 1.6592611120940975e-01 2.9572928550746131e+00
    1.3750140210786071e+02 7.2483418797669145e+01 2.7314300217740293e+02
    -1.1829626610916072e-01 -8.1524528049490763e-01
    5.8379420747914764e-03 -9.5465436140948327e+01
    -4.2928044706957380e+01 2.0588446012721349e+02
    -2.4587924568807767e-01 1.0511859389150053e+00
    2.9239734865145861e+00 1.0434351986184207e+02 5.6458806649722497e+01
    2.1336309175296984e+02 -3.6189120378228196e-01
    -1.1509417546873946e+00 2.8735757520802081e+00
    9.2770471991270242e+01 7.9907167572097322e+00 3.2814056871111217e+02
    -1.8828300579344320e-01 -1.1568343157511443e-01
    -8.5596414826896769e-02 -9.5429067211043915e+01
    -3.9340638125751752e+01 4.6033751067664815e+02
    -1.1464650461901722e+00 -5.2331380269155361e-02
    -2.9138666058609606e+00 1.6405214296378284e+02
    6.3095914110190584e+01 3.3195968740563313e+02
    -9.3182544151514224e-02 -6.1953169414101594e-01
    3.4028344455939198e-02 -1.9118492597475844e+02
    -4.1189429458314137e+01 3.6394584881284811e+02
    5.8044652647988956e-02 9.2407110414609805e-01 2.8641264908001887e+00
    1.0228852955431903e+02 9.7274621249039868e+01 3.4910045417981632e+02
    -4.3561289610512566e-01 -9.6958603593607395e-01
    2.9004618235430977e+00 6.8994434317755591e+01
    -6.1914219999519773e+01 4.7328725145458083e+02
    3.6728381511513170e-01 -3.8606288390306548e-01
    9.2151755689216464e-02 -1.7318608189172792e+02
    -1.3368564412882674e+02 3.6250410660110288e+02
    -2.6923374663129124e-01 2.6759860722127332e-01
    -3.0704107934102960e+00 2.1237805838168904e+02
    -2.4794088481989462e+01 4.2220778628446806e+02
    -3.1466404113110102e-01 1.6085685208033478e-02
    -3.0554052739346997e+00 2.0617627944605675e+02
    1.6813922612125401e+02 4.1280307351484061e+02
    -3.4031249592238882e-01 7.2888933919175281e-01
    2.9446147152888451e+00 -1.6156695578599969e+01
    1.3451750212884568e+02 4.4083082334087953e+02
    -3.2019933594176014e-01 4.1306813748178162e-01
    -2.7205469206574691e+00 -1.5358375182506418e+01
    8.7222931353846974e+01 4.1200042964098515e+02 2.4044172553650982e-02
    -4.9099908572420581e-01 -1.7956458969525207e-01
    -7.0183533564675656e+01 -3.1680166461521104e+01
    3.6834251729433697e+02</data></Extrinsic_Parameters>
<Image_points type_id="opencv-matrix">
  <rows>16</rows>
  <cols>40</cols>
  <dt>"2f"</dt>
  <data>
    3.73580688e+02 2.07574860e+02 3.48853394e+02 2.10535416e+02
    3.23486145e+02 2.13499649e+02 2.97624573e+02 2.16421051e+02
    2.71662872e+02 2.19186142e+02 2.45263672e+02 2.21980194e+02
    2.19057755e+02 2.24595718e+02 1.93194519e+02 2.27043381e+02
    3.70377838e+02 1.81748367e+02 3.45810883e+02 1.84527008e+02
    3.20488861e+02 1.87419067e+02 2.94793976e+02 1.89982819e+02
    2.68701904e+02 1.92904984e+02 2.42634903e+02 1.95564774e+02
    2.16514938e+02 1.98121262e+02 1.90668671e+02 2.00770874e+02
    3.66880280e+02 1.56146744e+02 3.42422180e+02 1.58554672e+02
    3.17372131e+02 1.61272522e+02 2.91791168e+02 1.63951645e+02
    2.65902527e+02 1.66522293e+02 2.39802979e+02 1.69296646e+02
    2.13891968e+02 1.71763031e+02 1.88442520e+02 1.74526260e+02
    3.63287476e+02 1.31030151e+02 3.39015198e+02 1.33382874e+02
    3.14110352e+02 1.35736298e+02 2.88684845e+02 1.38291016e+02
    2.62923157e+02 1.40699188e+02 2.37299545e+02 1.43450623e+02
    2.11652588e+02 1.46231079e+02 1.86300812e+02 1.49028748e+02
    3.59576477e+02 1.06354980e+02 3.35346771e+02 1.08453812e+02
    3.10621613e+02 1.10594551e+02 2.85491974e+02 1.13166580e+02
    2.60199097e+02 1.15671898e+02 2.34698441e+02 1.18317963e+02
    2.09490555e+02 1.21132538e+02 1.84437408e+02 1.23868225e+02
    4.38349457e+02 2.81550690e+02 4.06486115e+02 2.79606415e+02
    3.75845947e+02 2.77580200e+02 3.46941986e+02 2.75535278e+02
    3.19765015e+02 2.73206512e+02 2.94196472e+02 2.70797211e+02
    2.70486908e+02 2.68482178e+02 2.48490173e+02 2.66093872e+02
    4.39733673e+02 2.46638138e+02 4.07872345e+02 2.45842697e+02
    3.77131165e+02 2.44996796e+02 3.48261108e+02 2.43945740e+02
    3.20919739e+02 2.42881454e+02 2.95261139e+02 2.41720718e+02
    2.71497040e+02 2.40384842e+02 2.49540482e+02 2.39180878e+02
    4.40424194e+02 2.11420471e+02 4.08494507e+02 2.11729523e+02
    3.77799591e+02 2.12086563e+02 3.48840759e+02 2.12317719e+02
    3.21508789e+02 2.12377335e+02 2.96123688e+02 2.12203293e+02
    2.72355255e+02 2.11895905e+02 2.50255157e+02 2.11714172e+02
    4.40184998e+02 1.76483521e+02 4.08389404e+02 1.77999664e+02
    3.77939240e+02 1.79432571e+02 3.49262848e+02 1.80684753e+02
    3.22050659e+02 1.82071457e+02 2.96696259e+02 1.82856628e+02
    2.73121155e+02 1.84029770e+02 2.51177231e+02 1.84806702e+02
    4.38912323e+02 1.41914658e+02 4.07599457e+02 1.44576660e+02
    3.77506409e+02 1.47137344e+02 3.48916077e+02 1.49566971e+02
    3.22266907e+02 1.51925598e+02 2.97037537e+02 1.54180099e+02
    2.73563599e+02 1.56116165e+02 2.51715591e+02 1.58019531e+02
    7.11138382e+01 9.79325409e+01 1.10705078e+02 1.04779938e+02
    1.46785675e+02 1.11331932e+02 1.79484146e+02 1.17323242e+02
    2.08801926e+02 1.22815331e+02 2.34875259e+02 1.27951111e+02
    2.58384979e+02 1.32447647e+02 2.79443848e+02 1.36632645e+02
    6.89563828e+01 1.44181366e+02 1.09707436e+02 1.48636627e+02
    1.46546036e+02 1.52709991e+02 1.79692581e+02 1.56422714e+02
    2.09482849e+02 1.59804611e+02 2.36036392e+02 1.62846664e+02
    2.59595215e+02 1.65399506e+02 2.80897156e+02 1.67766312e+02
    6.82278214e+01 1.92511551e+02 1.09625557e+02 1.94245422e+02
    1.46978088e+02 1.95525635e+02 1.80563400e+02 1.96795883e+02
    2.10549515e+02 1.97651276e+02 2.37251862e+02 1.98397064e+02
    2.61069824e+02 1.99151871e+02 2.82363342e+02 1.99606628e+02
    6.92009964e+01 2.42124786e+02 1.10700127e+02 2.40765442e+02
    1.48233475e+02 2.39330093e+02 1.81975845e+02 2.37791061e+02
    2.11904572e+02 2.36389542e+02 2.38702393e+02 2.34685379e+02
    2.62433624e+02 2.33267853e+02 2.83667084e+02 2.31696411e+02
    7.19249573e+01 2.90900513e+02 1.13226395e+02 2.86810303e+02
    1.50340942e+02 2.82598480e+02 1.83863770e+02 2.78454071e+02
    2.13631973e+02 2.74395844e+02 2.40273270e+02 2.70509460e+02
    2.64010315e+02 2.67006744e+02 2.84971771e+02 2.63509796e+02
    4.34045624e+02 2.81293884e+02 3.96417816e+02 2.84385712e+02
