<?xml version="1.0"?>
<opencv_storage>
<input>http://192.168.0.152/axis-cgi/mjpg/video.cgi?.mjpg</input>
<calibration_Time>Friday_May_31_2013_11:16:10</calibration_Time>
<nrOfFrames>20</nrOfFrames>
<image_Width>480</image_Width>
<image_Height>360</image_Height>
<board_Width>9</board_Width>
<board_Height>6</board_Height>
<square_Size>25.</square_Size>
<flagValue>0</flagValue>
<Camera_Matrix type_id="opencv-matrix">
  <rows>3</rows>
  <cols>3</cols>
  <dt>d</dt>
  <data>
    4.2572551726866681e+02 0. 2.0462285259692538e+02 0.
    4.3125538127530842e+02 1.6856264061746194e+02 0. 0. 1.</data></Camera_Matrix>
<Distortion_Coefficients type_id="opencv-matrix">
  <rows>5</rows>
  <cols>1</cols>
  <dt>d</dt>
  <data>
    -3.7492857805233598e-01 3.4159963981960534e-01
    -1.4820115784637306e-03 -9.0586776447597979e-04
    -1.8465618825381747e-01</data></Distortion_Coefficients>
<Avg_Reprojection_Error>6.2093782684675625e-01</Avg_Reprojection_Error>
<Per_View_Reprojection_Errors type_id="opencv-matrix">
  <rows>20</rows>
  <cols>1</cols>
  <dt>f</dt>
  <data>
    4.43160713e-01 5.27895749e-01 2.90674657e-01 7.40118742e-01
    4.74707544e-01 6.76371396e-01 6.36909962e-01 8.14763725e-01
    6.46055937e-01 4.16014910e-01 7.70038068e-01 7.46090710e-01
    6.70863986e-01 6.05211914e-01 5.24211049e-01 5.14922917e-01
    8.31019580e-01 8.13695371e-01 4.08386886e-01 4.85592484e-01</data></Per_View_Reprojection_Errors>
<!-- a set of 6-tuples (rotation vector + translation vector) for each view -->
<Extrinsic_Parameters type_id="opencv-matrix">
  <rows>20</rows>
  <cols>6</cols>
  <dt>d</dt>
  <data>
    -6.5847712652396118e-01 3.3819829701718729e-01
    -2.6243802173250472e+00 1.3920047523465880e+02
    9.0115917182329270e+01 3.2119498841405874e+02 3.0741027578888847e-01
    -2.6714996624394066e-01 -2.4861995499964364e+00
    -2.1765823277306612e+01 1.2631541264073991e+02
    4.5525999527729323e+02 -1.3214338293765605e-02
    -7.5765888671088533e-01 -3.0195937419651848e+00
    6.8595456342749884e+01 1.1279925168770676e+02 3.3491329181006415e+02
    7.0606841495763661e-01 -1.0868017582447744e+00
    2.7777980371990076e+00 1.2477076136472067e+02 5.3918818248582685e+00
    3.7298174144407585e+02 1.2165766495244540e-01 3.3166017975063727e-01
    -2.5202575048832125e+00 -2.1262200517440153e+01
    5.2925839778251870e+01 4.6764085630634600e+02
    -7.0105045237550123e-02 -1.0423938342528773e+00
    -2.6355173028643488e+00 1.2089564351401478e+02
    1.1971496596018551e+02 2.8741319324344425e+02 1.9162512856424568e-01
    9.9822236693394450e-01 2.5663173489846076e+00 1.5515864768856923e+02
    2.3214272649193244e+01 2.8861236557267983e+02 9.4409272527390042e-01
    -6.3268492868082515e-01 2.6303624199408482e+00
    1.5244380307788586e+02 3.7305767250678102e+01 2.7484450680482939e+02
    -6.6340654062086257e-01 9.9681190885864990e-01
    -2.8068421252600153e+00 1.5759987305407998e+02
    5.8628983540126093e+01 4.3205536003485537e+02 8.2074006672025884e-02
    -6.7282587448941333e-01 -2.9282562118835962e+00
    8.4007476692019338e+01 5.2302080525311020e+01 4.0187470356962484e+02
    4.1681761894156322e-01 -1.0067978648457743e+00
    -2.4608043301060558e+00 4.9285193183522885e+01
    1.3070493531777254e+02 3.3369134022349436e+02
    -4.3714894643291685e-01 9.1141892808484837e-01
    -2.8702518863586439e+00 1.3391839760650464e+02
    3.5347439959713149e+01 3.4701478534253300e+02 1.4815371840598138e-01
    -1.0501000224523918e+00 -2.8554007874210026e+00
    1.4091418958255505e+02 7.7993330396240921e+01 3.0109567161106582e+02
    1.0913670831487534e+00 6.9917750265059941e-01 2.5105156080562914e+00
    1.1594061170453423e+02 2.5710174694880052e+01 2.1601436045114724e+02
    -6.3150649859769803e-01 5.1728833579568656e-01
    -2.9017080188661115e+00 3.3115631044290588e+01
    1.2271210886438537e+01 3.9603634796795819e+02
    -6.9689671444860976e-02 -4.4275699976768451e-01
    -2.6340276747524873e+00 3.4719154155509784e+01
    1.3055819244234465e+02 3.2314488559366248e+02
    -2.8401197045055432e-01 9.0640550426146627e-01
    -2.8623467966719769e+00 1.3042097337741146e+02
    7.9439373949096534e+01 3.9540187656631474e+02 2.1701129506502749e-02
    -1.3245203033169082e+00 -2.5999105999074090e+00
    1.1293422943933211e+02 7.5513023347013117e+01 2.8697773040963250e+02
    5.6897517761352945e-01 2.2508399093676407e-01
    -2.8354589050109844e+00 2.3659061025975500e+01
    5.7011555191863607e+01 4.9538839619328388e+02
    -7.9533110767856041e-01 -4.2710918179934015e-01
    -2.7682934354944386e+00 1.0325704599010041e+02
    6.2053823233822435e+01 2.3808300613282984e+02</data></Extrinsic_Parameters>
