<?xml version="1.0"?>
<opencv_storage>
<input>http://192.168.0.152/axis-cgi/mjpg/video.cgi?.mjpg</input>
<calibration_Time>Tuesday_May_21_2013_16:14:41</calibration_Time>
<nrOfFrames>29</nrOfFrames>
<image_Width>800</image_Width>
<image_Height>600</image_Height>
<board_Width>10</board_Width>
<board_Height>6</board_Height>
<square_Size>25.</square_Size>
<flagValue>0</flagValue>
<Camera_Matrix type_id="opencv-matrix">
  <rows>3</rows>
  <cols>3</cols>
  <dt>d</dt>
  <data>
    6.9985575388343693e+02 0. 4.0363847752609053e+02 0.
    6.9742474931521940e+02 3.1736847704273254e+02 0. 0. 1.</data></Camera_Matrix>
<Distortion_Coefficients type_id="opencv-matrix">
  <rows>5</rows>
  <cols>1</cols>
  <dt>d</dt>
  <data>
    -3.3444780824564008e-01 1.6502204501263704e-01
    -5.4412126708951864e-04 -1.3947535778137529e-03
    -6.6948846992449379e-02</data></Distortion_Coefficients>
<Avg_Reprojection_Error>6.0668439470205471e-01</Avg_Reprojection_Error>
<Per_View_Reprojection_Errors type_id="opencv-matrix">
  <rows>29</rows>
  <cols>1</cols>
  <dt>f</dt>
  <data>
    4.02731448e-01 4.71572399e-01 4.43771988e-01 6.39536679e-01
    7.85239577e-01 5.05711555e-01 5.39073050e-01 7.24771738e-01
    4.12118435e-01 7.96918154e-01 4.24448729e-01 3.03975880e-01
    3.85356128e-01 3.31615657e-01 7.47835159e-01 4.74085063e-01
    6.25956774e-01 3.88509989e-01 4.90055889e-01 1.27603054e+00
    3.61592472e-01 1.44842362e+00 3.29188555e-01 5.86396158e-01
    6.04144514e-01 2.60951370e-01 5.18121541e-01 1.90639108e-01
    2.12705463e-01</data></Per_View_Reprojection_Errors>
<!-- a set of 6-tuples (rotation vector + translation vector) for each view -->
<Extrinsic_Parameters type_id="opencv-matrix">
  <rows>29</rows>
  <cols>6</cols>
  <dt>d</dt>
  <data>
    -1.6003904199566413e-01 -1.9093710728319554e-02
    2.7246640385461629e-01 -6.4558479104181274e+01
    -9.1870148083895288e+01 3.2268870648472489e+02
    -5.3101295004130400e-01 -2.3992372153583746e-01
    1.4253502445678393e-01 -8.7318751780022765e+01
    -8.6258043820987183e+01 3.7587978056340336e+02
    -3.4813673174231269e-01 -1.5777545896275724e-01
    2.6594585958998076e-02 -1.0780160841180304e+02
    -8.7410744136887345e+01 3.3377159942022519e+02
    -3.0801636898224205e-03 -3.8398670482429825e-01
    7.1630905161902306e-02 -1.1271018086689449e+02
    -9.4154924366088323e+01 2.9933292125754411e+02
    7.8567660765297878e-02 -3.0175519911090493e-01
    1.0431011928299065e-01 -1.0498805279997414e+02
    -9.6520544365031455e+01 3.0051663251531971e+02
    7.8346133007529944e-03 -4.7503823156698594e-01
    2.4780103638793984e-02 -1.2264189838084862e+02
    -7.8237429567890615e+01 2.8809000840035469e+02
    -4.8283865002608378e-01 -4.9579947545391423e-01
    2.5430839511365055e-01 -9.8966245465236923e+01
    -3.4514659494856105e+01 3.4503075290501585e+02
    -1.2683968941929460e-01 -2.8066212497245252e-01
    5.5616784896328812e-02 -1.2097715735849047e+02
    -9.3012457633004175e+01 3.0392381819063246e+02
    5.5606409840474369e-01 -2.9302289108187329e-01
    2.5226570173840640e-01 -1.1316935051946210e+02
    -8.6051297331412897e+01 2.5837568743908122e+02
    3.0830560455484485e-01 -2.4544604757135571e-01
    1.4201065756848579e+00 1.7904487137294836e+01
    -9.9259026212677981e+01 3.3262329648112438e+02
    2.3020902414559466e-01 9.2585282918088208e-01
    -1.2879160199676360e+00 -4.4282094489268566e+01
    7.4484795264299606e+01 4.2713690741617120e+02 2.7038777795764607e-01
    1.0433680078449394e+00 -1.1656742444821189e+00
    -3.2907114198442883e+01 7.4689387264664234e+01
    4.2570517713094597e+02 -3.5215617896195872e-01
    -8.7096312837134870e-01 -1.5855770756996779e-01
    -1.8807930849726409e+02 -7.9873119809001167e+01
    3.8235162135428317e+02 -3.6889894334233048e-01
    -8.8384168854150824e-01 -1.3447671909844097e-01
    -1.6973803746793288e+02 -7.2026177937020478e+01
    3.8856123062846854e+02 -6.5880141439513040e-01
    -9.2210074010826271e-01 -3.3676848316360936e-01
    -1.5258909782398015e+02 -1.7747689425561749e+01
    3.1264467058714223e+02 -2.9600748969352630e-01
    -5.3445261750564810e-01 -2.6507234887026593e-01
    -1.3878071222600491e+02 -1.2096653139059812e+02
    2.9044932202971671e+02 3.9334449458617573e-04
    -4.6483812442902511e-01 -5.9351352963050004e-02
    -1.1592483024345856e+02 -1.1920864979052780e+02
    3.0008974179184634e+02 1.3824137548082832e-01
    -3.7084863655880695e-01 1.1039359447889620e-01
    -8.8869124833091433e+01 -1.0992570637511939e+02
    3.0343258561728641e+02 5.1501970295410371e-01
    -1.5675090483056103e-01 2.5361355515068801e-01
    -6.5141080015263697e+01 -1.1393859589980896e+02
    2.7353487786596099e+02 1.7781951489895875e-01 1.0834805778573990e-03
    6.3011204362751672e-01 -7.4056143474776889e+01
    -1.1399701301364890e+02 3.1660747594258447e+02
    2.4638667268247935e-01 4.3092667125938761e-02 6.3526346766409170e-01
    -7.4569387513916610e+01 -1.1581596309950783e+02
    2.9747069235117772e+02 4.2026320544113349e-01
    -4.8787615780440788e-02 1.2104323026050232e+00
    4.4658195690465279e+00 -1.3149581743469415e+02
    3.0313388943786987e+02 8.7349230228498262e-02 9.9840459701487827e-01
    -9.4963313797708704e-01 -4.7053917685741609e+01
    4.7753505506693507e+01 4.0476562563503887e+02 8.0370669880325735e-02
    8.6095583523792307e-01 -1.0475271690343599e+00
    -5.7572153019733172e+01 7.6242397981293180e+01
    3.9272290861303571e+02 1.1989916274168304e-02 5.4039522189509123e-02
    1.4312860067342589e-01 -1.2043844978835095e+02
    -6.5794033081707141e+01 2.6785542634732070e+02
    2.8813552480524373e-02 -3.9019242551187661e-02
    6.7915355406869105e-02 -1.3123954321346352e+02
    -7.5445130713202460e+01 2.7310116140092470e+02
    9.4111158750308736e-03 -1.2921706778035816e-01
    6.2271874189904423e-02 -1.3616033510480293e+02
    -8.0239638833420457e+01 3.5542777822211798e+02
    4.5026352777803494e-02 -1.1701700557087001e-01
    6.7804719693805943e-02 -1.2515451621835354e+02
    -9.8465613772473006e+01 4.6196991450980317e+02
    1.6134984574511735e-02 -1.6615823939342408e-01
    8.8729675551963372e-02 -1.3642284706243731e+02
    -9.1786025129697038e+01 5.7270550631905439e+02</data></Extrinsic_Parameters>
