<?xml version="1.0"?>
<opencv_storage>
<input>http://192.168.0.151/axis-cgi/mjpg/video.cgi?.mjpg</input>
<calibration_Time>Thursday_May_23_2013_15:24:32</calibration_Time>
<nrOfFrames>25</nrOfFrames>
<image_Width>800</image_Width>
<image_Height>600</image_Height>
<board_Width>3</board_Width>
<board_Height>4</board_Height>
<square_Size>15.</square_Size>
<flagValue>0</flagValue>
<Camera_Matrix type_id="opencv-matrix">
  <rows>3</rows>
  <cols>3</cols>
  <dt>d</dt>
  <data>
    6.9417215819691467e+02 0. 4.2442011440994145e+02 0.
    6.9381570731674958e+02 2.9322626376760365e+02 0. 0. 1.</data></Camera_Matrix>
<Distortion_Coefficients type_id="opencv-matrix">
  <rows>5</rows>
  <cols>1</cols>
  <dt>d</dt>
  <data>
    -3.1646418462471770e-01 1.4941409432849334e-01
    9.3299039343148167e-05 1.2364440591074931e-04
    -4.5837842008588973e-02</data></Distortion_Coefficients>
<Avg_Reprojection_Error>1.9407990185685681e-01</Avg_Reprojection_Error>
<Per_View_Reprojection_Errors type_id="opencv-matrix">
  <rows>25</rows>
  <cols>1</cols>
  <dt>f</dt>
  <data>
    1.20984599e-01 2.71992415e-01 1.50497645e-01 1.64766952e-01
    1.87390015e-01 2.21786603e-01 1.65483370e-01 1.66368067e-01
    2.01268554e-01 2.05602303e-01 2.46975422e-01 2.69609869e-01
    3.67737144e-01 1.90511420e-01 1.88782200e-01 1.95086643e-01
    1.21420555e-01 1.28810674e-01 1.55259594e-01 2.18344301e-01
    1.09452829e-01 1.28607914e-01 1.38323262e-01 1.21223524e-01
    1.91674918e-01</data></Per_View_Reprojection_Errors>
<!-- a set of 6-tuples (rotation vector + translation vector) for each view -->
<Extrinsic_Parameters type_id="opencv-matrix">
  <rows>25</rows>
  <cols>6</cols>
  <dt>d</dt>
  <data>
    1.0515884807068310e-01 -1.2056587998192034e-01
    -1.5309107623371101e+00 5.9200946362816342e+00
    4.7242059260543627e+01 1.1392046610533193e+02 9.4004788999618186e-02
    -7.0797986030741306e-02 -1.3654239266658164e+00
    -4.2345916127409673e+01 -3.1207190702415462e+00
    1.0814562795441860e+02 4.1199966065501797e-01 9.7787730072662102e-02
    3.8015603256449360e-01 -2.5166896958752044e+01
    -3.0455032066427151e+01 9.8278823295830563e+01
    -9.5601340552252811e-01 -1.3129201868679849e-01
    2.8068441960199970e+00 2.9648171254050041e+01 1.4019588438723991e+01
    1.1930568172126559e+02 -7.8003940412800932e-01
    -9.3562985306562457e-02 2.8502339067158502e+00
    3.5514806609358764e+01 1.3799834018819139e+01 1.1016031369227214e+02
    1.0852540655247058e+00 3.3794522812322890e-02
    -2.9355996975562948e+00 5.0296203725043455e+01
    1.8771735086052932e+01 1.2129158271519998e+02 4.8438267117398875e-01
    3.0062014035755968e-01 1.5686354532832121e+00
    -5.5962838516504254e-01 -1.0933159043288883e+01
    7.0658880527418049e+01 -9.7038474111244027e-02
    -1.0363549771922129e-01 1.6074305033274825e+00
    2.3138859988020091e+01 -2.5416462933384619e+01
    7.6164350947810846e+01 3.5941916030727622e-01
    -6.9839457639604652e-01 -1.5689327366980916e+00
    -9.6874024386700786e+00 5.6362168146123137e+00
    7.4812447224223419e+01 -2.2230282954196742e-01
    -2.0181751564477310e-01 -1.5116212819644903e+00
    -1.1407401461438871e+01 5.9301907016815960e+00
    7.7705257287617670e+01 -5.9331029565850957e-01
    8.2831216061542409e-02 -1.3857304224620859e+00
    -4.2260459255929597e+01 1.8834992850744960e+01
    8.9482982795018543e+01 -5.2411567807734638e-01
    -1.3666884513492844e-01 -1.4225911826973552e+00
    -4.8285642892471444e+01 2.0789548565741445e+01
    7.9084343420940030e+01 1.0968337334189626e-01 6.0295930149272869e-01
    -1.5346335695868691e+00 -3.8955514666186261e+01
    2.0383188999772180e+01 8.7407498848810391e+01
    -4.5013397108229873e-02 4.3113556352833654e-01
    -3.0673712905971735e+00 -7.4771563876147580e+00
    1.9541424438151314e+01 8.0095519606650186e+01 5.4551431457432065e-01
    -5.6870527961849542e-02 -1.4452688094678068e+00
    -4.5123161242978902e+01 3.2415695020388952e+01
    8.5516986862728331e+01 3.6833703919091831e-01
    -4.1470404830467705e-01 1.1035584510364602e-01
    2.3861439666217006e+01 -7.1955274276359971e+00
    9.6860167299270984e+01 2.4504490591376968e-01 1.8057229626663904e-01
    -1.5055575421030287e+00 -4.4292544732919808e+01
    1.8218668538587595e+00 1.0634861603364632e+02
    -1.7879626803494927e-01 2.2708379882220109e-01
    -3.0839869990155626e+00 5.1535090214674888e+01
    4.9526639348358607e+01 1.1147977220183623e+02
    -1.9988466747180614e-01 4.4417467589244758e-01
    -3.0688850591989172e+00 -7.7847354792545467e+00
    1.8352303229621825e+01 1.0647062887681372e+02
    -2.0557746626449039e-01 6.1792185580349779e-01
    -3.0443887997270558e+00 -8.4376157727238219e+00
    2.0166837992435987e+01 1.0165277693111790e+02
    -5.6984056089893997e-01 4.3622582290536099e-01
    3.0291110024402661e+00 5.0583993898050338e+01 4.9609485762639629e+01
    1.2041899495597433e+02 -2.5615494481649542e-01
    -3.7750907765280056e-01 1.5938167463853237e+00
    -1.5552183632703382e+01 1.6001260576207290e+01
    1.2222258677770441e+02 -4.7081636109614444e-01
    -3.6568065044863912e-01 1.5278379336998527e+00
    -1.5329030674097000e+01 2.0926043553665856e+00
    1.0523515498796029e+02 6.3100452495764026e-01
    -1.0663712209090366e-01 -3.0705456955439727e+00
    -1.4445908811507918e+01 1.7172203596268456e+01
    9.8109400649655626e+01 -1.9467199621022252e-01
    3.7385145882641413e-01 -3.0776343072987178e+00
    -1.2266032132015710e+01 1.7639314194903747e+01
    1.0825301589962770e+02</data></Extrinsic_Parameters>
