<?xml version="1.0"?>
<opencv_storage>
<input>http://192.168.0.151/axis-cgi/mjpg/video.cgi?.mjpg</input>
<calibration_Time>Friday_May_31_2013_10:06:54</calibration_Time>
<nrOfFrames>5</nrOfFrames>
<image_Width>480</image_Width>
<image_Height>360</image_Height>
<board_Width>8</board_Width>
<board_Height>6</board_Height>
<square_Size>150.</square_Size>
<flagValue>0</flagValue>
<Camera_Matrix type_id="opencv-matrix">
  <rows>3</rows>
  <cols>3</cols>
  <dt>d</dt>
  <data>
    4.0808161255561635e+02 0. 2.4871730571078771e+02 0.
    4.0919403870436406e+02 1.7953487356707973e+02 0. 0. 1.</data></Camera_Matrix>
<Distortion_Coefficients type_id="opencv-matrix">
  <rows>5</rows>
  <cols>1</cols>
  <dt>d</dt>
  <data>
    -3.0072816068286307e-01 9.9046794443839958e-02
    -1.9202410987375846e-03 1.7926584281814529e-03
    3.3274753172420242e-02</data></Distortion_Coefficients>
<Avg_Reprojection_Error>2.2474200958515833e-01</Avg_Reprojection_Error>
<Per_View_Reprojection_Errors type_id="opencv-matrix">
  <rows>5</rows>
  <cols>1</cols>
  <dt>f</dt>
  <data>
    1.43501908e-01 1.56803414e-01 1.44440264e-01 3.39873195e-01
    2.66435653e-01</data></Per_View_Reprojection_Errors>
<!-- a set of 6-tuples (rotation vector + translation vector) for each view -->
<Extrinsic_Parameters type_id="opencv-matrix">
  <rows>5</rows>
  <cols>6</cols>
  <dt>d</dt>
  <data>
    -1.0421999544741033e-01 1.9278989436015814e-01
    3.7134722287674025e-02 -2.0698380414040588e+02
    -2.5715190041083491e+02 1.8892869967142030e+03
    -1.1323152846239246e-01 -5.5371717433340339e-01
    -2.4258560472991048e-02 -7.5792672338277850e+02
    -2.5534510046686415e+02 1.3660037193160126e+03
    -1.2015720152168986e-01 -7.2914556893775087e-02
    -1.5440547797394963e+00 -2.5859954248885964e+02
    4.8901520799785953e+02 1.8871764766002666e+03 1.6754097327632342e-01
    2.1221071302544742e-01 1.5899629650287854e+00 5.0910113126381390e+02
    -5.6001596296418029e+02 3.1169499830253249e+03
    -8.6046142691925287e-02 -4.3919277497940051e-01
    2.2758980790011465e-01 -1.4824035659883020e+02
    -4.7951849587375546e+02 1.0729594458164875e+03</data></Extrinsic_Parameters>
<Image_points type_id="opencv-matrix">
  <rows>5</rows>
  <cols>48</cols>
  <dt>"2f"</dt>
  <data>
    2.04574020e+02 1.24408440e+02 2.35700073e+02 1.24308510e+02
    2.68255280e+02 1.24369194e+02 3.01351379e+02 1.24456963e+02
    3.34943695e+02 1.24833717e+02 3.68560394e+02 1.25421631e+02
    4.02035461e+02 1.26353249e+02 4.34694733e+02 1.27324059e+02
    2.02368362e+02 1.56050659e+02 2.34055267e+02 1.56541580e+02
    2.66748291e+02 1.57186783e+02 3.00431519e+02 1.57663956e+02
    3.34471771e+02 1.58416595e+02 3.68557495e+02 1.59330856e+02
    4.02457275e+02 1.60126205e+02 4.35520508e+02 1.61007858e+02
    2.00431915e+02 1.88505341e+02 2.32232285e+02 1.89599564e+02
    2.65423676e+02 1.90724716e+02 2.99290802e+02 1.91689453e+02
    3.33580109e+02 1.92745483e+02 3.68135864e+02 1.93568695e+02
    4.02335663e+02 1.94535538e+02 4.35484497e+02 1.95373367e+02
    1.98521027e+02 2.21369324e+02 2.30515869e+02 2.23145081e+02
    2.63760406e+02 2.24677551e+02 2.97791840e+02 2.26263062e+02
    3.32472961e+02 2.27546783e+02 3.67139740e+02 2.28520645e+02
    4.01229675e+02 2.29433929e+02 4.34565338e+02 2.30082306e+02
    1.96953979e+02 2.54166992e+02 2.28974182e+02 2.56496948e+02
    2.62311401e+02 2.58691162e+02 2.96291901e+02 2.60602661e+02
    3.30754242e+02 2.62230804e+02 3.65424683e+02 2.63421356e+02
    3.99601105e+02 2.64196655e+02 4.32772766e+02 2.64474731e+02
    1.95599503e+02 2.86520538e+02 2.27490494e+02 2.89521576e+02
    2.60584412e+02 2.92253815e+02 2.94557373e+02 2.94480011e+02
    3.28878387e+02 2.96303986e+02 3.63365936e+02 2.97482758e+02
    3.97288422e+02 2.98288727e+02 4.30342743e+02 2.98460205e+02
    4.34142075e+01 1.09815285e+02 8.18268890e+01 1.11941658e+02
    1.19483086e+02 1.14369247e+02 1.55348343e+02 1.16739258e+02
    1.89339478e+02 1.19411148e+02 2.20946167e+02 1.21888290e+02
    2.50487427e+02 1.24477844e+02 2.77558472e+02 1.26920288e+02
    4.17011986e+01 1.49562622e+02 8.13220062e+01 1.50844482e+02
    1.19406326e+02 1.52305847e+02 1.55805328e+02 1.53501938e+02
    1.90385880e+02 1.54669937e+02 2.22533630e+02 1.55979767e+02
    2.52301682e+02 1.57345032e+02 2.79612122e+02 1.58396393e+02
    4.14985237e+01 1.91087830e+02 8.14482498e+01 1.91293869e+02
    1.20188728e+02 1.91364319e+02 1.57015488e+02 1.91276917e+02
    1.91781708e+02 1.91196396e+02 2.24243896e+02 1.90918381e+02
    2.54088730e+02 1.90733429e+02 2.81477386e+02 1.90497284e+02
    4.24498825e+01 2.33256500e+02 8.26679230e+01 2.32308853e+02
    1.21530556e+02 2.31029968e+02 1.58689163e+02 2.29579407e+02
    1.93511566e+02 2.28072037e+02 2.26062515e+02 2.26392288e+02
    2.55674438e+02 2.24687088e+02 2.83305237e+02 2.22790390e+02
    4.47510796e+01 2.75369385e+02 8.49199982e+01 2.73285004e+02
    1.23837875e+02 2.70672668e+02 1.60793854e+02 2.67915131e+02
    1.95657761e+02 2.64875366e+02 2.27861603e+02 2.61695557e+02
    2.57754944e+02 2.58500061e+02 2.84820679e+02 2.55325363e+02
    4.85983353e+01 3.16674133e+02 8.83565674e+01 3.13516418e+02
    1.26811630e+02 3.09677216e+02 1.63485382e+02 3.05542297e+02
    1.97880783e+02 3.01016357e+02 2.29941895e+02 2.96462067e+02
    2.59393402e+02 2.91760803e+02 2.86419342e+02 2.87239197e+02
    1.94369324e+02 2.82543091e+02 1.95285645e+02 2.51373169e+02
    1.96120316e+02 2.19830658e+02 1.97344574e+02 1.88535767e+02
    1.98546646e+02 1.57499908e+02 2.00046829e+02 1.27374100e+02
    2.01514923e+02 9.80190964e+01 2.03283524e+02 6.98370590e+01
    2.25598389e+02 2.84135620e+02 2.26481949e+02 2.52634766e+02
    2.27439102e+02 2.20923676e+02 2.28335464e+02 1.89346375e+02
    2.29446320e+02 1.58147629e+02 2.30429764e+02 1.27570587e+02
    2.31538162e+02 9.83106995e+01 2.32662384e+02 6.97975159e+01
    2.57406036e+02 2.85285065e+02 2.58326569e+02 2.53646667e+02
    2.59176605e+02 2.21647369e+02 2.59812073e+02 1.90068588e+02
    2.60593384e+02 1.58581970e+02 2.61403168e+02 1.28253845e+02
    2.61862427e+02 9.85281601e+01 2.62489746e+02 7.04515915e+01
    2.89373199e+02 2.85917450e+02 2.90213135e+02 2.54394379e+02
    2.90968781e+02 2.22443848e+02 2.91489990e+02 1.90639435e+02
    2.91851044e+02 1.59436356e+02 2.92225037e+02 1.28775223e+02
    2.92373169e+02 9.94026642e+01 2.92398865e+02 7.12534180e+01
    3.20864838e+02 2.86255402e+02 3.21763275e+02 2.54675064e+02
    3.22502502e+02 2.22831863e+02 3.22739410e+02 1.91348557e+02
    3.22804047e+02 1.60190613e+02 3.22694794e+02 1.29695206e+02
    3.22459229e+02 1.00403412e+02 3.21784637e+02 7.22859650e+01
    3.52222992e+02 2.86166382e+02 3.52868683e+02 2.54626129e+02
    3.53466278e+02 2.23312134e+02 3.53513000e+02 1.91711014e+02
    3.53326019e+02 1.60877640e+02 3.52682220e+02 1.30638062e+02
    3.51969818e+02 1.01651497e+02 3.50917938e+02 7.35627365e+01
    3.14277588e+02 1.07483925e+02 3.13839081e+02 1.26443405e+02
    3.13562073e+02 1.45600876e+02 3.13381927e+02 1.64968506e+02
    3.12726379e+02 1.84477936e+02 3.12354279e+02 2.04100113e+02
    3.11463135e+02 2.23430069e+02 3.10793213e+02 2.44858704e+02
    2.95159393e+02 1.07486748e+02 2.94729034e+02 1.26411522e+02
    2.94526855e+02 1.45435928e+02 2.93969910e+02 1.64579346e+02
    2.93501251e+02 1.84061493e+02 2.92830719e+02 2.03438568e+02
    2.92383453e+02 2.22783585e+02 2.91571899e+02 2.43569565e+02
    2.76460907e+02 1.07471954e+02 2.75818573e+02 1.26332397e+02
    2.75499390e+02 1.45324448e+02 2.74922546e+02 1.64366989e+02
    2.74424103e+02 1.83509216e+02 2.73784515e+02 2.02756058e+02
    2.73245667e+02 2.22072876e+02 2.72586121e+02 2.41381180e+02
    2.57639526e+02 1.07689827e+02 2.57282440e+02 1.26342659e+02
    2.56682526e+02 1.45179718e+02 2.56235870e+02 1.64066666e+02
    2.55552490e+02 1.83084503e+02 2.55154068e+02 2.02263077e+02
    2.54519211e+02 2.21233307e+02 2.53777328e+02 2.40113953e+02
    2.39516495e+02 1.08074120e+02 2.38965988e+02 1.26444954e+02
