<?xml version="1.0"?>
<opencv_storage>
<input>http://192.168.0.151/axis-cgi/mjpg/video.cgi?.mjpg</input>
<calibration_Time>Thursday_May_23_2013_15:59:21</calibration_Time>
<nrOfFrames>25</nrOfFrames>
<image_Width>800</image_Width>
<image_Height>600</image_Height>
<board_Width>10</board_Width>
<board_Height>6</board_Height>
<square_Size>25.</square_Size>
<flagValue>0</flagValue>
<Camera_Matrix type_id="opencv-matrix">
  <rows>3</rows>
  <cols>3</cols>
  <dt>d</dt>
  <data>
    6.8967100274202539e+02 0. 4.2071255216068289e+02 0.
    6.8888436124283737e+02 2.9871995038494140e+02 0. 0. 1.</data></Camera_Matrix>
<Distortion_Coefficients type_id="opencv-matrix">
  <rows>5</rows>
  <cols>1</cols>
  <dt>d</dt>
  <data>
    -3.2840228763326473e-01 1.8835464054359288e-01
    9.8712248854955606e-04 -3.1708998440290045e-04
    -9.1392075224930397e-02</data></Distortion_Coefficients>
<Avg_Reprojection_Error>2.6206032343354280e-01</Avg_Reprojection_Error>
<Per_View_Reprojection_Errors type_id="opencv-matrix">
  <rows>25</rows>
  <cols>1</cols>
  <dt>f</dt>
  <data>
    2.30156362e-01 2.22585380e-01 3.11599135e-01 1.96088329e-01
    2.23873585e-01 1.84915856e-01 1.88459396e-01 2.10612103e-01
    3.89640272e-01 1.77830011e-01 1.68946713e-01 2.44769782e-01
    3.34654033e-01 1.58027947e-01 1.49071485e-01 2.12352216e-01
    1.77362353e-01 1.92556724e-01 2.43687943e-01 3.56868535e-01
    2.19797492e-01 1.43696159e-01 5.05724490e-01 3.50861907e-01
    3.67921531e-01</data></Per_View_Reprojection_Errors>
<!-- a set of 6-tuples (rotation vector + translation vector) for each view -->
<Extrinsic_Parameters type_id="opencv-matrix">
  <rows>25</rows>
  <cols>6</cols>
  <dt>d</dt>
  <data>
    1.1758243946524577e-02 -1.2116452119552668e-02
    -5.5830675758974609e-02 -1.2547811552515877e+02
    -5.2954457212010460e+01 2.5233186364651579e+02
    -1.4523870212054736e-02 6.8961810222291620e-01
    -3.8677737376255426e-02 -1.1875346888597795e+02
    -5.4191374944061124e+01 3.0732987463905738e+02
    -1.4541028246154244e-01 -6.5851587707470416e-01
    -1.0610614484829713e-01 -9.1440552654924218e+01
    -6.7674400932090791e+01 1.6497465994660806e+02
    5.2786530523748332e-01 -7.2130807351158330e-02
    -5.3919197537128642e-02 -1.2239604953290713e+02
    -4.0089948546425973e+01 2.0127362714537372e+02
    -4.9293671488235452e-01 -1.1947265552254555e-01
    -1.0536761945015449e-01 -1.2078591583963558e+02
    -4.7502594734942164e+01 2.4858301866646934e+02
    -5.2775354177026966e-02 8.6309722993600635e-01
    -2.1488763103318702e-02 -3.5221200578991969e+01
    -6.3020242423927847e+01 4.4966455888070209e+02
    -1.0965986971543416e-01 -7.2849126362344141e-01
    3.9123017801214584e-02 -1.4878355090672852e+02
    -4.5739069106748289e+01 2.9363934922653402e+02
    -6.7929950943740736e-01 -1.9727311193162810e-02
    -3.0009666685258539e-03 -1.3275483851040258e+02
    -1.4177238870342710e+00 3.6521060577640174e+02
    6.9629554623165180e-01 -1.8281314915588617e-01
    2.0352939503815434e-02 -1.3659325200259940e+02
    -7.7582166918164859e+01 2.3103694244172763e+02
    1.7807332042871779e-01 -2.7954588248141093e-01
    -6.0741614752098522e-02 -2.0672295400164649e+02
    -1.2881647949399604e+02 3.3944495152190200e+02
    1.2505805586345312e-01 -2.5888242704563285e-02
    1.6366343498907018e-02 -2.6331601373933406e+01
    -1.4823176305739540e+02 3.6710289431638319e+02
    2.9191996424863965e-02 -6.2179881360522792e-02
    -4.2879711010504452e-02 -4.6582278274432035e+01
    1.7202961071652851e+01 3.3828853884483692e+02
    -5.5957759976017034e-02 -4.7950162981448656e-02
    -6.1586996243271658e-02 -1.8778525081070933e+02
    -6.9596587310292852e+00 3.1572053809317276e+02
    -5.6410999973418044e-02 9.1018373916276551e-01
    -5.1058705323197874e-02 4.3088422436690536e+01
    -6.2269257850784975e+01 5.6293508691119018e+02
    -1.6354977909198937e-01 -8.9732685774890242e-01
    1.9788836419180791e-02 -2.6924158104723080e+02
    -7.7019725615765154e+01 4.4913444349142941e+02
    -6.7685129868276295e-01 4.2991541749503023e-02
    -2.6144372747490881e-02 -1.4726351641016083e+02
    2.8804144234929243e+01 4.4363183944129952e+02 6.0222642595693976e-01
    -1.6207188225843566e-01 -2.0443198715707267e-02
    -1.6790528917176468e+02 -2.0534779529650083e+02
    5.1510643038605826e+02 7.4127297173215678e-01 2.1924218924739541e-01
    -7.5719694769971613e-01 -2.8179622145883791e+01
    -4.0251002195123355e+01 5.1113942662878895e+02
    -2.4716827163856275e-01 7.0544541492564483e-01
    6.1400928187880166e-01 6.7245975568573868e+01
    -3.5682804099700000e+01 5.5786252287098773e+02
    -4.3707645666582534e-01 -6.2234449033889894e-01
    -9.5069021715346780e-01 -1.9140246113707317e+02
    6.3225882021161915e+01 3.1479148220422297e+02 4.3927206150338050e-01
    -6.4894085526797440e-01 8.4287746531276031e-01
    -1.0404202578508843e+02 -1.5130199030070520e+02
    3.6547730178625397e+02 5.6731401722550889e-01 7.4790606851968566e-01
    1.4153837131559694e+00 1.4239291032316405e+02
    -1.0753783456249269e+02 4.9792762267492009e+02
    3.3806781474508529e-01 3.5713038652381701e-01 1.5369514671000677e+00
    1.1248535097131992e+02 -1.0549478684807195e+02
    4.7192698805675195e+02 -6.0542533275032229e-02
    7.9521941013714834e-03 -1.5561901526937567e+00
    -6.9624586049491697e+01 1.1096723392114762e+02
    4.2673302653080094e+02 -4.7045642535013571e-01
    -2.6280242131494869e-01 1.4955093393762982e+00
    5.0784518049414844e+00 -1.0144346916978597e+02
    4.1692303777540900e+02</data></Extrinsic_Parameters>
