<?xml version="1.0"?>
<opencv_storage>
<input>http://192.168.0.152/axis-cgi/mjpg/video.cgi?.mjpg</input>
<calibration_Time>Thursday_May_23_2013_15:56:18</calibration_Time>
<nrOfFrames>25</nrOfFrames>
<image_Width>800</image_Width>
<image_Height>600</image_Height>
<board_Width>10</board_Width>
<board_Height>6</board_Height>
<square_Size>25.</square_Size>
<flagValue>0</flagValue>
<Camera_Matrix type_id="opencv-matrix">
  <rows>3</rows>
  <cols>3</cols>
  <dt>d</dt>
  <data>
    6.9101728990704612e+02 0. 3.9880924676450530e+02 0.
    6.9009433663812547e+02 3.1971037679595179e+02 0. 0. 1.</data></Camera_Matrix>
<Distortion_Coefficients type_id="opencv-matrix">
  <rows>5</rows>
  <cols>1</cols>
  <dt>d</dt>
  <data>
    -3.3121948138394197e-01 1.8202755617220598e-01
    1.1224003238989611e-04 -3.4327304467266444e-04
    -7.2563779590499811e-02</data></Distortion_Coefficients>
<Avg_Reprojection_Error>2.2964423726426592e-01</Avg_Reprojection_Error>
<Per_View_Reprojection_Errors type_id="opencv-matrix">
  <rows>25</rows>
  <cols>1</cols>
  <dt>f</dt>
  <data>
    3.70889813e-01 3.77370000e-01 2.10436821e-01 3.72545779e-01
    3.50555688e-01 2.07875952e-01 2.42232487e-01 2.60060072e-01
    2.21989095e-01 1.31929189e-01 1.68246076e-01 1.60185397e-01
    1.54770583e-01 1.63071841e-01 1.88711107e-01 1.28777102e-01
    1.91757038e-01 2.05517411e-01 1.39799535e-01 1.40812591e-01
    1.62393123e-01 1.50909349e-01 2.39122480e-01 1.91431314e-01
    2.79674292e-01</data></Per_View_Reprojection_Errors>
<!-- a set of 6-tuples (rotation vector + translation vector) for each view -->
<Extrinsic_Parameters type_id="opencv-matrix">
  <rows>25</rows>
  <cols>6</cols>
  <dt>d</dt>
  <data>
    -8.0978683532089007e-02 7.2368478783010309e-02
    -5.9169234506592325e-02 -1.2294093965148365e+02
    -6.4191289828379055e+01 2.6294510269838088e+02
    -8.5678760362443984e-02 5.3877848925724947e-01
    -4.1159029624182858e-02 -1.2591107170469706e+02
    -6.6213461047323577e+01 2.9950425067312602e+02
    -5.9405777832896807e-02 -5.4842366316600122e-01
    -3.0843948795443367e-02 -1.0688892451845275e+02
    -7.1395656830563581e+01 2.1222421386429767e+02
    -7.1082444954782009e-01 -1.3289769729065815e-01
    -8.6631848710815612e-02 -1.1867400338800364e+02
    -4.0420840366597744e+01 2.7108116016081374e+02
    8.1618404802203259e-01 -6.3058654153736890e-02
    -1.1490037696604876e-02 -1.1894957775377500e+02
    -7.7564665532985771e+01 2.1965504270588150e+02
    9.7881848039894304e-02 -9.0671532131107535e-01
    -1.5546788840632708e-01 -1.1432817773631234e+02
    -6.0408062610650482e+01 2.1751166905131231e+02
    -2.8432374190645645e-02 6.1241635308485709e-01
    1.3949756484306575e-01 -7.1900550339077427e+01
    -9.9595185118314348e+01 3.6113027921495399e+02
    1.1101033081791754e-01 3.5945995327612495e-01 9.4333868215378980e-02
    -1.9168901437858065e+02 -9.9056538177462471e+01
    3.2463714588401780e+02 1.0378167304223075e-01
    -5.5306961005702815e-01 1.5351694981301142e-01
    1.4766436650508437e+01 -6.4573333870591426e+01
    2.6321315207330855e+02 -4.7152047504919727e-02
    -1.0313401951767093e-01 8.4009340167365013e-02
    8.5340497884820650e+00 -3.1370614746912375e+00
    3.6969620073125975e+02 2.9297336348970859e-02
    -2.4963483287786101e-01 -3.0330275104792154e-02
    3.3391283214466974e+00 -1.6185889711635377e+02
    3.4061891416709432e+02 1.5482151459427643e-01
    -1.6266919978084279e-01 3.6539202492389865e-02
    -1.5100826922744855e+02 -1.2380217482124218e+02
    2.8413445125671319e+02 6.9069346742664864e-02
    -3.1848063265086468e-01 -4.6703200258801536e-02
    -3.2897760059590553e+02 -2.3091070923011557e+02
    5.1112292213612636e+02 -1.5582751587663016e-01
    -3.1914938732811420e-02 -7.3088129930785964e-02
    -2.9505750196646636e+02 6.3144670138003953e+01
    5.0297927724485095e+02 -1.6436330998118515e-01
    6.1516453932746830e-02 2.3428918677731773e-03 9.4082796040945865e+01
    8.5822751555956259e+01 5.6610232135699687e+02 3.3670790765110953e-02
    9.2252002344356612e-02 -1.9529685831721721e-02
    6.1274818136081308e+01 -2.2251246815389504e+02
    5.1794224259203622e+02 4.5416175868383070e-02 1.3548984166623911e-02
    -3.1103774020431491e-02 -8.0334268230201900e+01
    -1.3270847481873832e+02 6.4119019014674086e+02
    -5.6114107016528442e-03 8.3866062402789920e-01
    2.3449816886177413e-01 -4.1825252280798956e+01
    -1.2471949917634143e+02 6.2616224821274648e+02
    -3.2123035531200383e-02 -6.2968714751988575e-01
    8.9477455396030234e-02 -1.2811432245187473e+02
    -1.3319851336110855e+02 6.9181107869438426e+02
    -1.8237205545432031e-01 -4.6486449749997555e-01
    1.5993479384517145e-01 -4.0094251521819996e+02
    -1.1963655362377403e+02 7.2685737806087707e+02
    -1.8668184381320958e-02 8.6861797669166696e-01
    5.1349750227404838e-02 1.4367737015088946e+02
    -7.8817203137003020e+01 7.1183759212043776e+02
    7.7342357660614613e-01 -4.3608137205036722e-02
    3.7483418931128937e-01 -5.5081031991840725e+01
    -2.4497355142277206e+02 5.2758256261959457e+02
    -7.0663557293549584e-01 1.5411793326384332e-01
    -5.2567222854244332e-02 -1.1426929722919955e+02
    8.8823449605601098e+01 6.4107438588640616e+02 4.9601164051061253e-01
    4.3271889767793842e-01 1.6284644515861504e+00 5.8295038459592220e+01
    -1.4800617189993312e+02 4.9057905786535957e+02
    -4.8214832390307460e-01 -5.9925191049125759e-01
    1.4672161239706123e+00 -4.3915113280464901e+01
    -1.7836552633788935e+02 5.8065422132056619e+02</data></Extrinsic_Parameters>
